2.000000000000000000e+00 1.487582154449298803e-02
4.000000000000000000e+00 9.123664466863636371e-03
6.000000000000000000e+00 6.753029283816784981e-03
8.000000000000000000e+00 5.424480904630843078e-03
1.000000000000000000e+01 4.563774721832726880e-03
1.200000000000000000e+01 3.956217211479848110e-03
1.400000000000000000e+01 3.502188121728291772e-03
1.600000000000000000e+01 3.148776546487267163e-03
1.800000000000000000e+01 2.865128210553439473e-03
2.000000000000000000e+01 2.631969545956044758e-03
2.200000000000000000e+01 2.436606838476527374e-03
2.400000000000000000e+01 2.270321035700005510e-03
2.600000000000000000e+01 2.126914650819766283e-03
2.800000000000000000e+01 2.001855456561776967e-03
3.000000000000000000e+01 1.891748484464375038e-03
3.200000000000000000e+01 1.793997848128207288e-03
3.400000000000000000e+01 1.706583024552027093e-03
3.600000000000000000e+01 1.627906658547170283e-03
3.800000000000000000e+01 1.556688485968476263e-03
4.000000000000000000e+01 1.491889791413432984e-03
4.200000000000000000e+01 1.432658586222962166e-03
4.400000000000000000e+01 1.378289141452130381e-03
4.600000000000000000e+01 1.328191678083588461e-03
4.800000000000000000e+01 1.281869248461396139e-03
5.000000000000000000e+01 1.238900117033333572e-03
5.200000000000000000e+01 1.198923886892326249e-03
5.400000000000000000e+01 1.161630668021365305e-03
5.600000000000000000e+01 1.126752462144156239e-03
5.800000000000000000e+01 1.094056261674380233e-03
6.000000000000000000e+01 1.063338476246168196e-03
6.200000000000000000e+01 1.034420397059969843e-03
6.400000000000000000e+01 1.007144479940817522e-03
6.600000000000000000e+01 9.813712779454975433e-04
6.800000000000000000e+01 9.569768958813359202e-04
7.000000000000000000e+01 9.338508646082337075e-04
7.200000000000000000e+01 9.118943564967322071e-04
7.400000000000000000e+01 8.910186795989300142e-04
7.600000000000000000e+01 8.711440009183009370e-04
7.800000000000000000e+01 8.521982588496567444e-04
8.000000000000000000e+01 8.341162328038764177e-04
8.200000000000000000e+01 8.168387441172021701e-04
8.400000000000000000e+01 8.003119668945432195e-04
8.600000000000000000e+01 7.844868316404412286e-04
8.800000000000000000e+01 7.693185072243680393e-04
9.000000000000000000e+01 7.547659494978207692e-04
9.200000000000000000e+01 7.407915066672628081e-04
9.400000000000000000e+01 7.273605733229583648e-04
9.600000000000000000e+01 7.144412858892389443e-04
9.800000000000000000e+01 7.020042546356395014e-04
1.000000000000000000e+02 6.900223261316811105e-04
1.020000000000000000e+02 6.784703729857584093e-04
1.040000000000000000e+02 6.673251069089020581e-04
1.060000000000000000e+02 6.565649122013333472e-04
1.080000000000000000e+02 6.461696971416032746e-04
1.100000000000000000e+02 6.361207609815411291e-04
1.120000000000000000e+02 6.264006747280824808e-04
1.140000000000000000e+02 6.169931740136270007e-04
1.160000000000000000e+02 6.078830615119326262e-04
1.180000000000000000e+02 5.990561260101115709e-04
1.200000000000000000e+02 5.904990518132386757e-04
1.220000000000000000e+02 5.821993597087603235e-04
1.240000000000000000e+02 5.741453365326227047e-04
1.260000000000000000e+02 5.663259778503741421e-04
1.280000000000000000e+02 5.587309347632111838e-04
1.300000000000000000e+02 5.513504654291791771e-04
1.320000000000000000e+02 5.441753908932594249e-04
1.340000000000000000e+02 5.371970546918192159e-04
1.360000000000000000e+02 5.304072859264942789e-04
1.380000000000000000e+02 5.237983654421187471e-04
