2.000000000000000000e+00 4.333230481674974627e-02
4.000000000000000000e+00 2.829315284398935260e-02
6.000000000000000000e+00 2.160542555502283080e-02
8.000000000000000000e+00 1.770286289504865301e-02
1.000000000000000000e+01 1.510653433477068819e-02
1.200000000000000000e+01 1.323810362545266295e-02
1.400000000000000000e+01 1.182082716199183564e-02
1.600000000000000000e+01 1.070429224393885069e-02
1.800000000000000000e+01 9.799176688332064677e-03
2.000000000000000000e+01 9.048846653918449917e-03
2.200000000000000000e+01 8.415532880256591450e-03
2.400000000000000000e+01 7.873012636291063654e-03
2.600000000000000000e+01 7.402471946122409462e-03
2.800000000000000000e+01 6.990038341113483447e-03
3.000000000000000000e+01 6.625243767476385673e-03
3.200000000000000000e+01 6.300031051819538451e-03
3.400000000000000000e+01 6.008091215692341718e-03
3.600000000000000000e+01 5.744409319054179577e-03
3.800000000000000000e+01 5.504945761808579564e-03
4.000000000000000000e+01 5.286407936702194887e-03
4.200000000000000000e+01 5.086083565447468285e-03
4.400000000000000000e+01 4.901717030503482432e-03
4.600000000000000000e+01 4.731416238399809016e-03
4.800000000000000000e+01 4.573581527710464043e-03
5.000000000000000000e+01 4.426850738339553962e-03
5.200000000000000000e+01 4.290056292603730732e-03
5.400000000000000000e+01 4.162191322753967630e-03
5.600000000000000000e+01 4.042382668658467751e-03
5.800000000000000000e+01 3.929869193840679516e-03
6.000000000000000000e+01 3.823984203985874523e-03
6.200000000000000000e+01 3.724141101307637883e-03
6.400000000000000000e+01 3.629821593081104282e-03
6.600000000000000000e+01 3.540565936604713349e-03
6.800000000000000000e+01 3.455964820229290042e-03
