2.000000000000000000e+00 4.333230481674974627e-02
4.000000000000000000e+00 2.829315284398935260e-02
6.000000000000000000e+00 2.160542555502283080e-02
8.000000000000000000e+00 1.770286289504865301e-02
1.000000000000000000e+01 1.510653433477068819e-02
1.200000000000000000e+01 1.323810362545266295e-02
1.400000000000000000e+01 1.182082716199183564e-02
1.600000000000000000e+01 1.070429224393885069e-02
1.800000000000000000e+01 9.799176688332064677e-03
2.000000000000000000e+01 9.048846653918449917e-03
2.200000000000000000e+01 8.415532880256591450e-03
2.400000000000000000e+01 7.873012636291063654e-03
2.600000000000000000e+01 7.402471946122409462e-03
2.800000000000000000e+01 6.990038341113483447e-03
3.000000000000000000e+01 6.625243767476385673e-03
3.200000000000000000e+01 6.300031051819538451e-03
3.400000000000000000e+01 6.008091215692341718e-03
3.600000000000000000e+01 5.744409319054179577e-03
3.800000000000000000e+01 5.504945761808579564e-03
4.000000000000000000e+01 5.286407936702194887e-03
4.200000000000000000e+01 5.086083565447468285e-03
4.400000000000000000e+01 4.901717030503482432e-03
4.600000000000000000e+01 4.731416238399809016e-03
4.800000000000000000e+01 4.573581527710464043e-03
5.000000000000000000e+01 4.426850738339553962e-03
5.200000000000000000e+01 4.290056292603730732e-03
5.400000000000000000e+01 4.162191322753967630e-03
5.600000000000000000e+01 4.042382668658467751e-03
5.800000000000000000e+01 3.929869193840679516e-03
6.000000000000000000e+01 3.823984203985874523e-03
6.200000000000000000e+01 3.724141101307637883e-03
6.400000000000000000e+01 3.629821593081104282e-03
6.600000000000000000e+01 3.540565936604713349e-03
6.800000000000000000e+01 3.455964820229290042e-03
7.000000000000000000e+01 3.375652567828295921e-03
7.200000000000000000e+01 3.299301419909966750e-03
7.400000000000000000e+01 3.226616697116991596e-03
7.600000000000000000e+01 3.157332690339831847e-03
7.800000000000000000e+01 3.091209152455544860e-03
8.000000000000000000e+01 3.028028290969565599e-03
8.200000000000000000e+01 2.967592180782380185e-03
8.400000000000000000e+01 2.909720526949215787e-03
8.600000000000000000e+01 2.854248726726863784e-03
8.800000000000000000e+01 2.801026175580530013e-03
9.000000000000000000e+01 2.749914830511890167e-03
9.200000000000000000e+01 2.700787849067752371e-03
9.400000000000000000e+01 2.653528528770317078e-03
9.600000000000000000e+01 2.608029273892769132e-03
9.800000000000000000e+01 2.564190721699249019e-03
1.000000000000000000e+02 2.521920958252850745e-03
1.020000000000000000e+02 2.481134847890737946e-03
1.040000000000000000e+02 2.441753373144475887e-03
1.060000000000000000e+02 2.403703129212949891e-03
1.080000000000000000e+02 2.366915810629148260e-03
1.100000000000000000e+02 2.331327775789413838e-03
1.120000000000000000e+02 2.296879651832457736e-03
1.140000000000000000e+02 2.263515979392014769e-03
1.160000000000000000e+02 2.231184892538364169e-03
1.180000000000000000e+02 2.199837829359706839e-03
1.200000000000000000e+02 2.169429267622836281e-03
1.220000000000000000e+02 2.139916505072570526e-03
1.240000000000000000e+02 2.111259409622729278e-03
1.260000000000000000e+02 2.083420259041315198e-03
1.280000000000000000e+02 2.056363545536143891e-03
1.300000000000000000e+02 2.030055817291741890e-03
1.320000000000000000e+02 2.004465530354711082e-03
1.340000000000000000e+02 1.979562913330366013e-03
1.360000000000000000e+02 1.955319843482157885e-03
1.380000000000000000e+02 1.931709733165755090e-03
