2.000000000000000000e+00 2.540236718470120086e-02
4.000000000000000000e+00 1.595057369797264410e-02
6.000000000000000000e+00 1.194408644460584132e-02
8.000000000000000000e+00 9.665256277881678279e-03
1.000000000000000000e+01 8.174515730385172735e-03
1.200000000000000000e+01 7.114790814442629834e-03
1.400000000000000000e+01 6.318535319890201257e-03
1.600000000000000000e+01 5.696016001188642860e-03
1.800000000000000000e+01 5.194560914644598751e-03
2.000000000000000000e+01 4.781090320308717910e-03
2.200000000000000000e+01 4.433719009337275772e-03
2.400000000000000000e+01 4.137356167167498613e-03
2.600000000000000000e+01 3.881239048202935870e-03
2.800000000000000000e+01 3.657473409420961170e-03
3.000000000000000000e+01 3.460130192061468355e-03
3.200000000000000000e+01 3.284665052578249894e-03
3.400000000000000000e+01 3.127533219150972158e-03
3.600000000000000000e+01 2.985926790083897903e-03
3.800000000000000000e+01 2.857591180363671084e-03
4.000000000000000000e+01 2.740694123955594603e-03
4.200000000000000000e+01 2.633730407801012068e-03
4.400000000000000000e+01 2.535451420706174956e-03
4.600000000000000000e+01 2.444812259600502753e-03
4.800000000000000000e+01 2.360931472468598240e-03
5.000000000000000000e+01 2.283060037749571648e-03
5.200000000000000000e+01 2.210557188579261294e-03
5.400000000000000000e+01 2.142871375756783079e-03
5.600000000000000000e+01 2.079525133608566088e-03
5.800000000000000000e+01 2.020102942709323113e-03
6.000000000000000000e+01 1.964241415957210333e-03
6.200000000000000000e+01 1.911621299960015877e-03
6.400000000000000000e+01 1.861960934632665710e-03
6.600000000000000000e+01 1.815010794335986458e-03
6.800000000000000000e+01 1.770549045338236155e-03
7.000000000000000000e+01 1.728377724834736194e-03
7.200000000000000000e+01 1.688319624808897520e-03
7.400000000000000000e+01 1.650215602829135366e-03
7.600000000000000000e+01 1.613922317058683617e-03
7.800000000000000000e+01 1.579310315870513341e-03
8.000000000000000000e+01 1.546262344604280295e-03
8.200000000000000000e+01 1.514671961480335005e-03
8.400000000000000000e+01 1.484442310183629963e-03
8.600000000000000000e+01 1.455485024788142527e-03
8.800000000000000000e+01 1.427719344381798939e-03
9.000000000000000000e+01 1.401071289841596297e-03
9.200000000000000000e+01 1.375472981873396153e-03
9.400000000000000000e+01 1.350861950521520076e-03
9.600000000000000000e+01 1.327180701993324868e-03
9.800000000000000000e+01 1.304376165342015356e-03
1.000000000000000000e+02 1.282399284936105999e-03
1.020000000000000000e+02 1.261204654551022035e-03
1.040000000000000000e+02 1.240750160941937394e-03
1.060000000000000000e+02 1.220996712875703797e-03
1.080000000000000000e+02 1.201907952079308292e-03
1.100000000000000000e+02 1.183450029420836163e-03
1.120000000000000000e+02 1.165591384982901354e-03
1.140000000000000000e+02 1.148302557288349932e-03
1.160000000000000000e+02 1.131556010290559345e-03
1.180000000000000000e+02 1.115325977347710919e-03
1.200000000000000000e+02 1.099588320211729395e-03
1.220000000000000000e+02 1.084320401310130688e-03
1.240000000000000000e+02 1.069500967924105154e-03
1.260000000000000000e+02 1.055110045577389247e-03
1.280000000000000000e+02 1.041128850913101587e-03
1.300000000000000000e+02 1.027539686571019061e-03
1.320000000000000000e+02 1.014325879901850115e-03
1.340000000000000000e+02 1.001471701146572314e-03
1.360000000000000000e+02 9.889622987318466823e-04
1.380000000000000000e+02 9.767836383476797852e-04
