2.000000000000000000e+00 1.178171229878407535e-02
4.000000000000000000e+00 6.278199264401389604e-03
6.000000000000000000e+00 4.281347948819624015e-03
8.000000000000000000e+00 3.248558119841428362e-03
1.000000000000000000e+01 2.617302767910765094e-03
1.200000000000000000e+01 2.191495202416818451e-03
1.400000000000000000e+01 1.884864751567003928e-03
1.600000000000000000e+01 1.653515746272052550e-03
1.800000000000000000e+01 1.472753743435013026e-03
2.000000000000000000e+01 1.327620956991151747e-03
2.200000000000000000e+01 1.208527843038019857e-03
2.400000000000000000e+01 1.109043013474108426e-03
2.600000000000000000e+01 1.024691984973057860e-03
2.800000000000000000e+01 9.522654780073998206e-04
3.000000000000000000e+01 8.894017436709641695e-04
3.200000000000000000e+01 8.343241070648127478e-04
3.400000000000000000e+01 7.856703549141690491e-04
3.600000000000000000e+01 7.423785366378344566e-04
3.800000000000000000e+01 7.036085527869329710e-04
4.000000000000000000e+01 6.686870965295902596e-04
4.200000000000000000e+01 6.370682167546932615e-04
4.400000000000000000e+01 6.083045657373265013e-04
4.600000000000000000e+01 5.820260998237716723e-04
4.800000000000000000e+01 5.579240725701271062e-04
5.000000000000000000e+01 5.357388649176764465e-04
5.200000000000000000e+01 5.152505222394214955e-04
5.400000000000000000e+01 4.962715480824593604e-04
5.600000000000000000e+01 4.786410746862850701e-04
5.800000000000000000e+01 4.622203104531954891e-04
6.000000000000000000e+01 4.468888785968737972e-04
6.200000000000000000e+01 4.325418610871097557e-04
6.400000000000000000e+01 4.190873943133853366e-04
6.600000000000000000e+01 4.064446998457649446e-04
6.800000000000000000e+01 3.945424617414966593e-04
7.000000000000000000e+01 3.833174798219298992e-04
7.200000000000000000e+01 3.727135474960045270e-04
7.400000000000000000e+01 3.626805103440278242e-04
7.600000000000000000e+01 3.531734728662990429e-04
7.800000000000000000e+01 3.441521268099644601e-04
8.000000000000000000e+01 3.355801798760372242e-04
8.200000000000000000e+01 3.274248677300475798e-04
8.400000000000000000e+01 3.196565354809442305e-04
8.600000000000000000e+01 3.122482773582131613e-04
8.800000000000000000e+01 3.051756253593679454e-04
9.000000000000000000e+01 2.984162792751041517e-04
9.200000000000000000e+01 2.919498718157061135e-04
9.400000000000000000e+01 2.857577636272248030e-04
9.600000000000000000e+01 2.798228638518971789e-04
9.800000000000000000e+01 2.741294725945843608e-04
1.000000000000000000e+02 2.686631422374583422e-04
1.020000000000000000e+02 2.634105550233804458e-04
1.040000000000000000e+02 2.583594147241816434e-04
1.060000000000000000e+02 2.534983505387246793e-04
1.080000000000000000e+02 2.488168316397836879e-04
1.100000000000000000e+02 2.443050910180362607e-04
1.120000000000000000e+02 2.399540574640747991e-04
1.140000000000000000e+02 2.357552946917053187e-04
1.160000000000000000e+02 2.317009467427469372e-04
1.180000000000000000e+02 2.277836889299794817e-04
1.200000000000000000e+02 2.239966836737313307e-04
1.220000000000000000e+02 2.203335406718745330e-04
1.240000000000000000e+02 2.167882809151292509e-04
1.260000000000000000e+02 2.133553041214679240e-04
1.280000000000000000e+02 2.100293592164477702e-04
1.300000000000000000e+02 2.068055175322810915e-04
1.320000000000000000e+02 2.036791484378626545e-04
1.340000000000000000e+02 2.006458971463688328e-04
1.360000000000000000e+02 1.977016644767593651e-04
1.380000000000000000e+02 1.948425883713579033e-04
2.000000000000000000e+00 1.178171229878407535e-02
3.000000000000000000e+00 8.189583859982441441e-03
4.000000000000000000e+00 6.278199264401389604e-03
5.000000000000000000e+00 5.090804347698271205e-03
6.000000000000000000e+00 4.281347948819624015e-03
7.000000000000000000e+00 3.694092256529025835e-03
8.000000000000000000e+00 3.248558119841428362e-03
9.000000000000000000e+00 2.898954293280721784e-03
1.000000000000000000e+01 2.617302767910765094e-03
1.100000000000000000e+01 2.385543132551889555e-03
1.200000000000000000e+01 2.191495202416818451e-03
1.300000000000000000e+01 2.026645696847071462e-03
1.400000000000000000e+01 1.884864751567003928e-03
1.500000000000000000e+01 1.761626307218334400e-03
1.600000000000000000e+01 1.653515746272052550e-03
1.700000000000000000e+01 1.557908435370472522e-03
1.800000000000000000e+01 1.472753743435013243e-03
1.900000000000000000e+01 1.396426249749156126e-03
2.000000000000000000e+01 1.327620956991151747e-03
2.100000000000000000e+01 1.265278038670699344e-03
2.200000000000000000e+01 1.208527843038019857e-03
2.300000000000000000e+01 1.156650066771378743e-03
2.400000000000000000e+01 1.109043013474108426e-03
2.500000000000000000e+01 1.065200145000104459e-03
2.600000000000000000e+01 1.024691984973058294e-03
2.700000000000000000e+01 9.871520004814560590e-04
2.800000000000000000e+01 9.522654780073998206e-04
2.900000000000000000e+01 9.197606784407333239e-04
3.000000000000000000e+01 8.894017436709641695e-04
3.100000000000000000e+01 8.609829632998189722e-04
3.200000000000000000e+01 8.343241070648127478e-04
3.300000000000000000e+01 8.092665978482306652e-04
3.400000000000000000e+01 7.856703549141690491e-04
3.500000000000000000e+01 7.634111732316775645e-04
3.600000000000000000e+01 7.423785366378344566e-04
3.700000000000000000e+01 7.224737821699971259e-04
3.800000000000000000e+01 7.036085527869331878e-04
3.900000000000000000e+01 6.857034857373293371e-04
4.000000000000000000e+01 6.686870965295902596e-04
4.100000000000000000e+01 6.524948250073475849e-04
4.200000000000000000e+01 6.370682167546930447e-04
4.300000000000000000e+01 6.223542179497512216e-04
4.400000000000000000e+01 6.083045657373265013e-04
4.500000000000000000e+01 5.948752593581879472e-04
4.600000000000000000e+01 5.820260998237716723e-04
4.700000000000000000e+01 5.697202879906842652e-04
4.800000000000000000e+01 5.579240725701271062e-04
4.900000000000000000e+01 5.466064591784143036e-04
5.000000000000000000e+01 5.357388649176764465e-04
5.100000000000000000e+01 5.252949882472712773e-04
5.200000000000000000e+01 5.152505222394216039e-04
5.300000000000000000e+01 5.055829842829020083e-04
5.400000000000000000e+01 4.962715480824593604e-04
5.500000000000000000e+01 4.872968938879369415e-04
5.600000000000000000e+01 4.786410746862850701e-04
5.700000000000000000e+01 4.702873964062910441e-04
5.800000000000000000e+01 4.622203104531954891e-04
5.900000000000000000e+01 4.544253171176995589e-04
6.000000000000000000e+01 4.468888785968737972e-04
6.100000000000000000e+01 4.395983405292097309e-04
6.200000000000000000e+01 4.325418610871097557e-04
6.300000000000000000e+01 4.257083467910265703e-04
6.400000000000000000e+01 4.190873943133853366e-04
6.500000000000000000e+01 4.126692376302187816e-04
6.600000000000000000e+01 4.064446998457649446e-04
6.700000000000000000e+01 4.004051498543345611e-04
6.800000000000000000e+01 3.945424617414966593e-04
6.900000000000000000e+01 3.888489787532917533e-04
7.000000000000000000e+01 3.833174798219300618e-04
7.100000000000000000e+01 3.779411490109157133e-04
7.200000000000000000e+01 3.727135474960045270e-04
7.300000000000000000e+01 3.676285878398222813e-04
7.400000000000000000e+01 3.626805103440278242e-04
7.500000000000000000e+01 3.578638612858719265e-04
7.600000000000000000e+01 3.531734728662990429e-04
7.700000000000000000e+01 3.486044447145207137e-04
7.800000000000000000e+01 3.441521268099644601e-04
7.900000000000000000e+01 3.398121036964699680e-04
8.000000000000000000e+01 3.355801798760371700e-04
8.100000000000000000e+01 3.314523662805865197e-04
8.200000000000000000e+01 3.274248677300475798e-04
8.300000000000000000e+01 3.234940712938733825e-04
8.400000000000000000e+01 3.196565354809442305e-04
8.500000000000000000e+01 3.159089801898977792e-04
8.600000000000000000e+01 3.122482773582131613e-04
8.700000000000000000e+01 3.086714422539663582e-04
8.800000000000000000e+01 3.051756253593679454e-04
8.900000000000000000e+01 3.017581047996608723e-04
9.000000000000000000e+01 2.984162792751041517e-04
9.100000000000000000e+01 2.951476614574393299e-04
9.200000000000000000e+01 2.919498718157061677e-04
9.300000000000000000e+01 2.888206328390548303e-04
9.400000000000000000e+01 2.857577636272248030e-04
9.500000000000000000e+01 2.827591748215609762e-04
9.600000000000000000e+01 2.798228638518971789e-04
9.700000000000000000e+01 2.769469104765621189e-04
9.800000000000000000e+01 2.741294725945843608e-04
9.900000000000000000e+01 2.713687823109915079e-04
1.000000000000000000e+02 2.686631422374583422e-04
1.010000000000000000e+02 2.660109220121006837e-04
1.020000000000000000e+02 2.634105550233804458e-04
1.030000000000000000e+02 2.608605353243130011e-04
1.040000000000000000e+02 2.583594147241816434e-04
1.050000000000000000e+02 2.559058000459936031e-04
1.060000000000000000e+02 2.534983505387246793e-04
1.070000000000000000e+02 2.511357754342770517e-04
1.080000000000000000e+02 2.488168316397836879e-04
1.090000000000000000e+02 2.465403215566232416e-04
1.100000000000000000e+02 2.443050910180362607e-04
1.110000000000000000e+02 2.421100273379500709e-04
1.120000000000000000e+02 2.399540574640747991e-04
1.130000000000000000e+02 2.378361462287569179e-04
1.140000000000000000e+02 2.357552946917053187e-04
1.150000000000000000e+02 2.337105385689310533e-04
1.160000000000000000e+02 2.317009467427469372e-04
1.170000000000000000e+02 2.297256198479960510e-04
1.180000000000000000e+02 2.277836889299794817e-04
1.190000000000000000e+02 2.258743141698721780e-04
1.200000000000000000e+02 2.239966836737313307e-04
1.210000000000000000e+02 2.221500123213993592e-04
1.220000000000000000e+02 2.203335406718745873e-04
1.230000000000000000e+02 2.185465339219492327e-04
1.240000000000000000e+02 2.167882809151293051e-04
1.250000000000000000e+02 2.150580931980140169e-04
1.260000000000000000e+02 2.133553041214679240e-04
1.270000000000000000e+02 2.116792679842167035e-04
1.280000000000000000e+02 2.100293592164477702e-04
1.290000000000000000e+02 2.084049716013114558e-04
1.300000000000000000e+02 2.068055175322810915e-04
1.310000000000000000e+02 2.052304273044290757e-04
1.320000000000000000e+02 2.036791484378626816e-04
1.330000000000000000e+02 2.021511450316117436e-04
1.340000000000000000e+02 2.006458971463688328e-04
1.350000000000000000e+02 1.991629002146269784e-04
1.360000000000000000e+02 1.977016644767593651e-04
1.370000000000000000e+02 1.962617144417553325e-04
1.380000000000000000e+02 1.948425883713579033e-04
1.390000000000000000e+02 1.934438377864076692e-04
2.000000000000000000e+00 1.178171229878407535e-02
3.000000000000000000e+00 8.189583859982441441e-03
4.000000000000000000e+00 6.278199264401389604e-03
5.000000000000000000e+00 5.090804347698271205e-03
6.000000000000000000e+00 4.281347948819624015e-03
7.000000000000000000e+00 3.694092256529025835e-03
8.000000000000000000e+00 3.248558119841428362e-03
9.000000000000000000e+00 2.898954293280721784e-03
1.000000000000000000e+01 2.617302767910765094e-03
1.100000000000000000e+01 2.385543132551889555e-03
1.200000000000000000e+01 2.191495202416818451e-03
1.300000000000000000e+01 2.026645696847071462e-03
1.400000000000000000e+01 1.884864751567003928e-03
1.500000000000000000e+01 1.761626307218334400e-03
1.600000000000000000e+01 1.653515746272052550e-03
1.700000000000000000e+01 1.557908435370472522e-03
1.800000000000000000e+01 1.472753743435013243e-03
1.900000000000000000e+01 1.396426249749156126e-03
2.000000000000000000e+01 1.327620956991151747e-03
2.100000000000000000e+01 1.265278038670699344e-03
2.200000000000000000e+01 1.208527843038019857e-03
2.300000000000000000e+01 1.156650066771378743e-03
2.400000000000000000e+01 1.109043013474108426e-03
2.500000000000000000e+01 1.065200145000104459e-03
2.600000000000000000e+01 1.024691984973058294e-03
2.700000000000000000e+01 9.871520004814560590e-04
2.800000000000000000e+01 9.522654780073998206e-04
2.900000000000000000e+01 9.197606784407333239e-04
3.000000000000000000e+01 8.894017436709641695e-04
3.100000000000000000e+01 8.609829632998189722e-04
3.200000000000000000e+01 8.343241070648127478e-04
3.300000000000000000e+01 8.092665978482306652e-04
3.400000000000000000e+01 7.856703549141690491e-04
3.500000000000000000e+01 7.634111732316775645e-04
3.600000000000000000e+01 7.423785366378344566e-04
3.700000000000000000e+01 7.224737821699971259e-04
3.800000000000000000e+01 7.036085527869331878e-04
3.900000000000000000e+01 6.857034857373293371e-04
4.000000000000000000e+01 6.686870965295902596e-04
4.100000000000000000e+01 6.524948250073475849e-04
4.200000000000000000e+01 6.370682167546930447e-04
4.300000000000000000e+01 6.223542179497512216e-04
4.400000000000000000e+01 6.083045657373265013e-04
4.500000000000000000e+01 5.948752593581879472e-04
4.600000000000000000e+01 5.820260998237716723e-04
4.700000000000000000e+01 5.697202879906842652e-04
4.800000000000000000e+01 5.579240725701271062e-04
4.900000000000000000e+01 5.466064591784143036e-04
5.000000000000000000e+01 5.357388649176764465e-04
5.100000000000000000e+01 5.252949882472712773e-04
5.200000000000000000e+01 5.152505222394216039e-04
5.300000000000000000e+01 5.055829842829020083e-04
5.400000000000000000e+01 4.962715480824593604e-04
5.500000000000000000e+01 4.872968938879369415e-04
5.600000000000000000e+01 4.786410746862850701e-04
5.700000000000000000e+01 4.702873964062910441e-04
