2.000000000000000000e+00 3.693981590018159678e-02
4.000000000000000000e+00 2.179089789854947445e-02
6.000000000000000000e+00 1.554363609893635173e-02
8.000000000000000000e+00 1.210054081933393567e-02
1.000000000000000000e+01 9.912845628807870346e-03
1.200000000000000000e+01 8.397782184751999626e-03
1.400000000000000000e+01 7.285713716758364551e-03
1.600000000000000000e+01 6.434396167436614265e-03
1.800000000000000000e+01 5.761586142737835405e-03
2.000000000000000000e+01 5.216383644610657171e-03
2.200000000000000000e+01 4.765583492289427424e-03
2.400000000000000000e+01 4.386593344002148211e-03
2.600000000000000000e+01 4.063503956482478717e-03
2.800000000000000000e+01 3.784786213041537156e-03
3.000000000000000000e+01 3.541879756072752530e-03
3.200000000000000000e+01 3.328294615743533722e-03
3.400000000000000000e+01 3.139020622054909497e-03
3.600000000000000000e+01 2.970128165718129588e-03
3.800000000000000000e+01 2.818491654828852392e-03
4.000000000000000000e+01 2.681593800123241444e-03
4.200000000000000000e+01 2.557384437268297745e-03
4.400000000000000000e+01 2.444176937846057052e-03
4.600000000000000000e+01 2.340571023946911352e-03
4.800000000000000000e+01 2.245394454025735360e-03
5.000000000000000000e+01 2.157658405142971053e-03
5.200000000000000000e+01 2.076522939400267560e-03
5.400000000000000000e+01 2.001269991947039664e-03
5.600000000000000000e+01 1.931282034674058424e-03
5.800000000000000000e+01 1.866025072318585687e-03
6.000000000000000000e+01 1.805034976888045132e-03
6.200000000000000000e+01 1.747906420749382626e-03
6.400000000000000000e+01 1.694283848922548130e-03
6.600000000000000000e+01 1.643854065358300517e-03
6.800000000000000000e+01 1.596340106384978429e-03
