2.000000000000000000e+00 2.129594213010131340e-02
4.000000000000000000e+00 1.182707065568788275e-02
6.000000000000000000e+00 8.205599541433242911e-03
8.000000000000000000e+00 6.285617988763536612e-03
1.000000000000000000e+01 5.094830467080415856e-03
1.200000000000000000e+01 4.283772495381022588e-03
1.400000000000000000e+01 3.695663913702957118e-03
1.600000000000000000e+01 3.249634423031205928e-03
1.800000000000000000e+01 2.899723396917074612e-03
2.000000000000000000e+01 2.617871318596128559e-03
2.200000000000000000e+01 2.385975229207700377e-03
2.400000000000000000e+01 2.191831247350148164e-03
2.600000000000000000e+01 2.026912178398800144e-03
2.800000000000000000e+01 1.885079620617519623e-03
3.000000000000000000e+01 1.761802077976798225e-03
3.200000000000000000e+01 1.653661358385409954e-03
3.400000000000000000e+01 1.558030412564832302e-03
3.600000000000000000e+01 1.472856936543821263e-03
3.800000000000000000e+01 1.396514326230748103e-03
4.000000000000000000e+01 1.327696731144403439e-03
4.200000000000000000e+01 1.265343699152131959e-03
4.400000000000000000e+01 1.208585112621634976e-03
4.600000000000000000e+01 1.156700316467031706e-03
4.800000000000000000e+01 1.109087345318982096e-03
5.000000000000000000e+01 1.065239452978984994e-03
5.200000000000000000e+01 1.024727000429097095e-03
5.400000000000000000e+01 9.871833263711072073e-04
5.600000000000000000e+01 9.522936150250059647e-04
5.800000000000000000e+01 9.197860451453666311e-04
6.000000000000000000e+01 8.894246921391808086e-04
6.200000000000000000e+01 8.610037914058740445e-04
6.400000000000000000e+01 8.343430681937249495e-04
6.600000000000000000e+01 8.092839086373678718e-04
6.800000000000000000e+01 7.856862014675856281e-04
7.000000000000000000e+01 7.634257161704477912e-04
7.200000000000000000e+01 7.423919150711337902e-04
7.400000000000000000e+01 7.224861172059418319e-04
7.600000000000000000e+01 7.036199501683191877e-04
7.800000000000000000e+01 6.857140381434061053e-04
8.000000000000000000e+01 6.686968854658725901e-04
8.200000000000000000e+01 6.525039223840160873e-04
8.400000000000000000e+01 6.370766862108633976e-04
8.600000000000000000e+01 6.223621159693313622e-04
8.800000000000000000e+01 6.083119425931189520e-04
9.000000000000000000e+01 5.948821599137833066e-04
9.200000000000000000e+01 5.820325642172162559e-04
9.400000000000000000e+01 5.697263522194251752e-04
9.600000000000000000e+01 5.579297689931927767e-04
9.800000000000000000e+01 5.466118169489480672e-04
1.000000000000000000e+02 5.357439103566470368e-04
1.020000000000000000e+02 5.252997451673407144e-04
1.040000000000000000e+02 5.152550122264021272e-04
1.060000000000000000e+02 5.055872269410521553e-04
1.080000000000000000e+02 4.962755612488254243e-04
1.100000000000000000e+02 4.873006938201303903e-04
1.120000000000000000e+02 4.786446762273740304e-04
1.140000000000000000e+02 4.702908131299605521e-04
1.160000000000000000e+02 4.622235547918305816e-04
1.180000000000000000e+02 4.544284004756267209e-04
1.200000000000000000e+02 4.468918114507089141e-04
1.220000000000000000e+02 4.396011325169721894e-04
1.240000000000000000e+02 4.325445210874934512e-04
1.260000000000000000e+02 4.257108829940826249e-04
1.280000000000000000e+02 4.190898142836221776e-04
1.300000000000000000e+02 4.126715483630799671e-04
1.320000000000000000e+02 4.064469078182376613e-04
1.340000000000000000e+02 4.004072610703812186e-04
1.360000000000000000e+02 3.945444817729148925e-04
1.380000000000000000e+02 3.888509127765061180e-04
2.000000000000000000e+00 2.129594213010131340e-02
3.000000000000000000e+00 1.519378775111427174e-02
4.000000000000000000e+00 1.182707065568788275e-02
5.000000000000000000e+00 9.687391923417429385e-03
6.000000000000000000e+00 8.205599541433242911e-03
7.000000000000000000e+00 7.118057563433114951e-03
8.000000000000000000e+00 6.285617988763536612e-03
9.000000000000000000e+00 5.627810823858074227e-03
1.000000000000000000e+01 5.094830467080415856e-03
1.100000000000000000e+01 4.654186077526024923e-03
1.200000000000000000e+01 4.283772495381022588e-03
