2.000000000000000000e+00 3.693981590018159678e-02
4.000000000000000000e+00 2.179089789854947445e-02
6.000000000000000000e+00 1.554363609893635173e-02
8.000000000000000000e+00 1.210054081933393567e-02
1.000000000000000000e+01 9.912845628807870346e-03
1.200000000000000000e+01 8.397782184751999626e-03
1.400000000000000000e+01 7.285713716758364551e-03
1.600000000000000000e+01 6.434396167436614265e-03
1.800000000000000000e+01 5.761586142737835405e-03
2.000000000000000000e+01 5.216383644610657171e-03
2.200000000000000000e+01 4.765583492289427424e-03
2.400000000000000000e+01 4.386593344002148211e-03
2.600000000000000000e+01 4.063503956482478717e-03
2.800000000000000000e+01 3.784786213041537156e-03
3.000000000000000000e+01 3.541879756072752530e-03
3.200000000000000000e+01 3.328294615743533722e-03
3.400000000000000000e+01 3.139020622054909497e-03
3.600000000000000000e+01 2.970128165718129588e-03
3.800000000000000000e+01 2.818491654828852392e-03
4.000000000000000000e+01 2.681593800123241444e-03
4.200000000000000000e+01 2.557384437268297745e-03
4.400000000000000000e+01 2.444176937846057052e-03
4.600000000000000000e+01 2.340571023946911352e-03
4.800000000000000000e+01 2.245394454025735360e-03
5.000000000000000000e+01 2.157658405142971053e-03
5.200000000000000000e+01 2.076522939400267560e-03
5.400000000000000000e+01 2.001269991947039664e-03
5.600000000000000000e+01 1.931282034674058424e-03
5.800000000000000000e+01 1.866025072318585687e-03
6.000000000000000000e+01 1.805034976888045132e-03
6.200000000000000000e+01 1.747906420749382626e-03
6.400000000000000000e+01 1.694283848922548130e-03
6.600000000000000000e+01 1.643854065358300517e-03
6.800000000000000000e+01 1.596340106384978429e-03
7.000000000000000000e+01 1.551496147492192369e-03
7.200000000000000000e+01 1.509103246285347939e-03
7.400000000000000000e+01 1.468965764859080612e-03
7.600000000000000000e+01 1.430908349285965218e-03
7.800000000000000000e+01 1.394773366712255373e-03
8.000000000000000000e+01 1.360418721524792344e-03
8.200000000000000000e+01 1.327715987441015167e-03
8.400000000000000000e+01 1.296548801377198556e-03
8.600000000000000000e+01 1.266811479934983747e-03
8.800000000000000000e+01 1.238407821464704382e-03
9.000000000000000000e+01 1.211250065730167273e-03
9.200000000000000000e+01 1.185257988084392408e-03
9.400000000000000000e+01 1.160358107404017109e-03
9.600000000000000000e+01 1.136482992091988279e-03
9.800000000000000000e+01 1.113570650076715256e-03
1.000000000000000000e+02 1.091563990918848316e-03
1.020000000000000000e+02 1.070410350992875110e-03
1.040000000000000000e+02 1.050061072358964009e-03
1.060000000000000000e+02 1.030471129035897019e-03
1.080000000000000000e+02 1.011598794310452319e-03
1.100000000000000000e+02 9.934053440115962752e-04
1.120000000000000000e+02 9.758547910018801645e-04
1.140000000000000000e+02 9.589136478225878226e-04
1.160000000000000000e+02 9.425507131693834726e-04
1.180000000000000000e+02 9.267368801055000330e-04
1.200000000000000000e+02 9.114449632700504997e-04
1.220000000000000000e+02 8.966495426884107164e-04
1.240000000000000000e+02 8.823268230145525680e-04
1.260000000000000000e+02 8.684545056050608060e-04
1.280000000000000000e+02 8.550116726992528860e-04
1.300000000000000000e+02 8.419786821933821419e-04
1.320000000000000000e+02 8.293370716900875465e-04
1.340000000000000000e+02 8.170694714727108274e-04
1.360000000000000000e+02 8.051595246919394802e-04
1.380000000000000000e+02 7.935918146671254924e-04
