2.000000000000000000e+00 2.932615903685926312e-02
4.000000000000000000e+00 1.681632772319016644e-02
6.000000000000000000e+00 1.183569767956072286e-02
8.000000000000000000e+00 9.141228618976596915e-03
1.000000000000000000e+01 7.449226909315863690e-03
1.200000000000000000e+01 6.287003405337274371e-03
1.400000000000000000e+01 5.439064742089668759e-03
1.600000000000000000e+01 4.792961849126314497e-03
1.800000000000000000e+01 4.284223313159660727e-03
2.000000000000000000e+01 3.873215318930936513e-03
2.200000000000000000e+01 3.534224002197932247e-03
2.400000000000000000e+01 3.249834215423797346e-03
2.600000000000000000e+01 3.007829992513393145e-03
2.800000000000000000e+01 2.799388226057122116e-03
3.000000000000000000e+01 2.617976771509287603e-03
3.200000000000000000e+01 2.458655937045839054e-03
3.400000000000000000e+01 2.317620932337965348e-03
3.600000000000000000e+01 2.191893547214295457e-03
3.800000000000000000e+01 2.079109190189408051e-03
4.000000000000000000e+01 1.977366557853354589e-03
4.200000000000000000e+01 1.885119444194159524e-03
4.400000000000000000e+01 1.801097522126093864e-03
4.600000000000000000e+01 1.724247430276233412e-03
4.800000000000000000e+01 1.653688340897997060e-03
5.000000000000000000e+01 1.588678018904817000e-03
5.200000000000000000e+01 1.528586591014219299e-03
5.400000000000000000e+01 1.472876056148679589e-03
5.600000000000000000e+01 1.421084121901398890e-03
5.800000000000000000e+01 1.372811338191293803e-03
6.000000000000000000e+01 1.327710769244210172e-03
6.200000000000000000e+01 1.285479636631297337e-03
6.400000000000000000e+01 1.245852510416901220e-03
6.600000000000000000e+01 1.208595721773429678e-03
6.800000000000000000e+01 1.173502750166220254e-03
7.000000000000000000e+01 1.140390391420904176e-03
7.200000000000000000e+01 1.109095557320075769e-03
7.400000000000000000e+01 1.079472588018345978e-03
7.600000000000000000e+01 1.051390984626775433e-03
7.800000000000000000e+01 1.024733486394391454e-03
8.000000000000000000e+01 9.993944335660160088e-04
8.200000000000000000e+01 9.752783670674768871e-04
8.400000000000000000e+01 9.522988267110912624e-04
8.600000000000000000e+01 9.303773149736356335e-04
8.800000000000000000e+01 9.094424009975926593e-04
9.000000000000000000e+01 8.894289426587334568e-04
9.200000000000000000e+01 8.702774096197872294e-04
9.400000000000000000e+01 8.519332915803175385e-04
9.600000000000000000e+01 8.343465800986553339e-04
9.800000000000000000e+01 8.174713130674249100e-04
1.000000000000000000e+02 8.012651737856112339e-04
1.020000000000000000e+02 7.856891364483920871e-04
1.040000000000000000e+02 7.707071522259744800e-04
1.060000000000000000e+02 7.562858709433555081e-04
1.080000000000000000e+02 7.423943928861579137e-04
1.100000000000000000e+02 7.290040480223932470e-04
1.120000000000000000e+02 7.160881983635401446e-04
1.140000000000000000e+02 7.036220610452654069e-04
1.160000000000000000e+02 6.915825496060083212e-04
1.180000000000000000e+02 6.799481312745098063e-04
1.200000000000000000e+02 6.686986984265430676e-04
1.220000000000000000e+02 6.578154525961833667e-04
1.240000000000000000e+02 6.472807996339301120e-04
1.260000000000000000e+02 6.370782547816869739e-04
1.280000000000000000e+02 6.271923565869973920e-04
1.300000000000000000e+02 6.176085887111453301e-04
1.320000000000000000e+02 6.083133087991160265e-04
1.340000000000000000e+02 5.992936836784395821e-04
1.360000000000000000e+02 5.905376302395390787e-04
1.380000000000000000e+02 5.820337614247210467e-04
