2.000000000000000000e+00 6.249500386447434663e-03
4.000000000000000000e+00 3.244295358757325401e-03
6.000000000000000000e+00 2.190157269340123856e-03
8.000000000000000000e+00 1.652934864662045306e-03
1.000000000000000000e+01 1.327318391140812522e-03
1.200000000000000000e+01 1.108865904111457686e-03
1.400000000000000000e+01 9.521530324336717043e-04
1.600000000000000000e+01 8.342483157040432020e-04
1.800000000000000000e+01 7.423250526333390444e-04
2.000000000000000000e+01 6.686479585064564668e-04
2.200000000000000000e+01 6.082750693844208700e-04
2.400000000000000000e+01 5.579012940787846228e-04
2.600000000000000000e+01 5.152325671378631643e-04
2.800000000000000000e+01 4.786266718798355756e-04
3.000000000000000000e+01 4.468771495672360758e-04
3.200000000000000000e+01 4.190777161649139517e-04
3.400000000000000000e+01 3.945343828983860534e-04
3.600000000000000000e+01 3.727067341317529393e-04
3.800000000000000000e+01 3.531676739004453096e-04
4.000000000000000000e+01 3.355752035330991320e-04
4.200000000000000000e+01 3.196522332448811679e-04
4.400000000000000000e+01 3.051718807728013953e-04
4.600000000000000000e+01 2.919465925216963259e-04
4.800000000000000000e+01 2.798199758483620766e-04
5.000000000000000000e+01 2.686605856681847861e-04
5.200000000000000000e+01 2.583571407541715762e-04
5.400000000000000000e+01 2.488148001070760590e-04
5.600000000000000000e+01 2.399522350951142566e-04
5.800000000000000000e+01 2.316993057819083986e-04
6.000000000000000000e+01 2.239952008206683891e-04
6.200000000000000000e+01 2.167869364934281689e-04
6.400000000000000000e+01 2.100281365177678907e-04
6.600000000000000000e+01 2.036780332004915067e-04
6.800000000000000000e+01 1.977006444679824332e-04
7.000000000000000000e+01 1.920640916736496653e-04
7.200000000000000000e+01 1.867400308665009693e-04
7.400000000000000000e+01 1.817031760989389164e-04
7.600000000000000000e+01 1.769308978527768831e-04
7.800000000000000000e+01 1.724028831267897081e-04
8.000000000000000000e+01 1.681008464153049982e-04
8.200000000000000000e+01 1.640082829051082948e-04
8.400000000000000000e+01 1.601102568668479249e-04
8.600000000000000000e+01 1.563932195216502930e-04
8.800000000000000000e+01 1.528448517017188515e-04
9.000000000000000000e+01 1.494539274545075554e-04
9.200000000000000000e+01 1.462101953432827527e-04
9.400000000000000000e+01 1.431042751963979140e-04
9.600000000000000000e+01 1.401275671164295368e-04
9.800000000000000000e+01 1.372721722332214691e-04
1.000000000000000000e+02 1.345308226238163161e-04
1.020000000000000000e+02 1.318968195784833665e-04
1.040000000000000000e+02 1.293639789261237169e-04
1.060000000000000000e+02 1.269265825667306117e-04
1.080000000000000000e+02 1.245793353765154191e-04
1.100000000000000000e+02 1.223173268078755354e-04
1.120000000000000000e+02 1.201359965981427025e-04
1.140000000000000000e+02 1.180311040832012002e-04
1.160000000000000000e+02 1.159987006814468469e-04
1.180000000000000000e+02 1.140351051724346058e-04
1.200000000000000000e+02 1.121368814445796640e-04
1.220000000000000000e+02 1.103008184289173271e-04
1.240000000000000000e+02 1.085239119724101640e-04
1.260000000000000000e+02 1.068033484355562600e-04
1.280000000000000000e+02 1.051364898259190878e-04
1.300000000000000000e+02 1.035208603023695160e-04
1.320000000000000000e+02 1.019541339048210760e-04
1.340000000000000000e+02 1.004341233815654838e-04
1.360000000000000000e+02 9.895877000134826963e-05
1.380000000000000000e+02 9.752613425038737858e-05
2.000000000000000000e+00 6.249500386447436398e-03
3.000000000000000000e+00 4.271809880613875766e-03
4.000000000000000000e+00 3.244295358757325401e-03
5.000000000000000000e+00 2.615043433995095559e-03
6.000000000000000000e+00 2.190157269340123856e-03
7.000000000000000000e+00 1.884008258507010236e-03
8.000000000000000000e+00 1.652934864662045306e-03
2.000000000000000000e+00 6.249500386447436398e-03
4.000000000000000000e+00 3.244295358757325401e-03
6.000000000000000000e+00 2.190157269340123856e-03
8.000000000000000000e+00 1.652934864662045306e-03
1.000000000000000000e+01 1.327318391140812522e-03
1.200000000000000000e+01 1.108865904111457469e-03
1.400000000000000000e+01 9.521530324336717043e-04
1.600000000000000000e+01 8.342483157040432020e-04
2.000000000000000000e+00 6.249500386447436398e-03
3.000000000000000000e+00 4.271809880613875766e-03
4.000000000000000000e+00 3.244295358757325401e-03
5.000000000000000000e+00 2.615043433995095559e-03
6.000000000000000000e+00 2.190157269340123856e-03
7.000000000000000000e+00 1.884008258507010236e-03
8.000000000000000000e+00 1.652934864662045306e-03
9.000000000000000000e+00 1.472341856649269590e-03
1.000000000000000000e+01 1.327318391140812522e-03
2.000000000000000000e+00 6.249500386447436398e-03
3.000000000000000000e+00 4.271809880613875766e-03
4.000000000000000000e+00 3.244295358757325401e-03
5.000000000000000000e+00 2.615043433995095559e-03
6.000000000000000000e+00 2.190157269340123856e-03
7.000000000000000000e+00 1.884008258507010236e-03
8.000000000000000000e+00 1.652934864662045306e-03
9.000000000000000000e+00 1.472341856649269590e-03
1.000000000000000000e+01 1.327318391140812522e-03
1.100000000000000000e+01 1.208299098214026890e-03
1.200000000000000000e+01 1.108865904111457469e-03
1.300000000000000000e+01 1.024552070540487051e-03
1.400000000000000000e+01 9.521530324336717043e-04
1.500000000000000000e+01 8.893100228037501345e-04
1.600000000000000000e+01 8.342483157040432020e-04
1.700000000000000000e+01 7.856070081429065034e-04
1.800000000000000000e+01 7.423250526333393697e-04
1.900000000000000000e+01 7.035629860849705380e-04
2.000000000000000000e+01 6.686479585064564668e-04
2.100000000000000000e+01 6.370343528594282810e-04
2.200000000000000000e+01 6.082750693844208700e-04
2.300000000000000000e+01 5.820002511372175192e-04
2.400000000000000000e+01 5.579012940787846228e-04
2.500000000000000000e+01 5.357186890461629238e-04
2.600000000000000000e+01 5.152325671378631643e-04
2.700000000000000000e+01 4.962554994374940992e-04
2.800000000000000000e+01 4.786266718798355756e-04
2.900000000000000000e+01 4.622073359207591603e-04
3.000000000000000000e+01 4.468771495672362926e-04
3.100000000000000000e+01 4.325312231133954851e-04
3.200000000000000000e+01 4.190777161649139517e-04
3.300000000000000000e+01 4.064358694431448879e-04
3.400000000000000000e+01 3.945343828983860534e-04
3.500000000000000000e+01 3.833100696155998933e-04
3.600000000000000000e+01 3.727067341317529393e-04
3.700000000000000000e+01 3.626742314102138578e-04
3.800000000000000000e+01 3.531676739004453096e-04
3.900000000000000000e+01 3.441467601141202275e-04
4.000000000000000000e+01 3.355752035330991320e-04
4.100000000000000000e+01 3.274202447829960977e-04
4.200000000000000000e+01 3.196522332448811679e-04
4.300000000000000000e+01 3.122442668411933345e-04
4.400000000000000000e+01 3.051718807728014495e-04
4.500000000000000000e+01 2.984127776182485627e-04
4.600000000000000000e+01 2.919465925216963259e-04
4.700000000000000000e+01 2.857546882604456405e-04
4.800000000000000000e+01 2.798199758483620766e-04
4.900000000000000000e+01 2.741267570384754975e-04
5.000000000000000000e+01 2.686605856681847861e-04
5.100000000000000000e+01 2.634081452684754404e-04
5.200000000000000000e+01 2.583571407541716846e-04
5.300000000000000000e+01 2.534962023407184265e-04
5.400000000000000000e+01 2.488148001070761132e-04
5.500000000000000000e+01 2.443031678534475807e-04
5.600000000000000000e+01 2.399522350951142566e-04
5.700000000000000000e+01 2.357535661959247845e-04
5.800000000000000000e+01 2.316993057819083986e-04
5.900000000000000000e+01 2.277821296918785697e-04
6.000000000000000000e+01 2.239952008206683891e-04
6.100000000000000000e+01 2.203321292949136196e-04
6.200000000000000000e+01 2.167869364934281689e-04
6.300000000000000000e+01 2.133540224860283022e-04
6.400000000000000000e+01 2.100281365177678907e-04
6.500000000000000000e+01 2.068043502114137906e-04
6.600000000000000000e+01 2.036780332004915067e-04
6.700000000000000000e+01 2.006448309395440993e-04
6.800000000000000000e+01 1.977006444679824332e-04
6.900000000000000000e+01 1.948416119297551182e-04
7.000000000000000000e+01 1.920640916736496653e-04
7.100000000000000000e+01 1.893646467787090662e-04
7.200000000000000000e+01 1.867400308665009693e-04
7.300000000000000000e+01 1.841871750771025722e-04
7.400000000000000000e+01 1.817031760989389164e-04
7.500000000000000000e+01 1.792852851543098890e-04
7.600000000000000000e+01 1.769308978527768831e-04
7.700000000000000000e+01 1.746375448336300908e-04
7.800000000000000000e+01 1.724028831267897081e-04
7.900000000000000000e+01 1.702246881686006246e-04
8.000000000000000000e+01 1.681008464153049982e-04
8.100000000000000000e+01 1.660293485026510189e-04
8.200000000000000000e+01 1.640082829051082948e-04
8.300000000000000000e+01 1.620358300526234397e-04
8.400000000000000000e+01 1.601102568668479249e-04
8.500000000000000000e+01 1.582299116823669347e-04
8.600000000000000000e+01 1.563932195216502930e-04
8.700000000000000000e+01 1.545986776952891408e-04
8.800000000000000000e+01 1.528448517017188515e-04
8.900000000000000000e+01 1.511303714028965268e-04
9.000000000000000000e+01 1.494539274545075554e-04
9.100000000000000000e+01 1.478142679711406027e-04
9.200000000000000000e+01 1.462101953432828070e-04
9.300000000000000000e+01 1.446405635825255347e-04
9.400000000000000000e+01 1.431042751963979140e-04
9.500000000000000000e+01 1.416002788931169335e-04
9.600000000000000000e+01 1.401275671164295368e-04
9.700000000000000000e+01 1.386851738004303103e-04
9.800000000000000000e+01 1.372721722332214691e-04
9.900000000000000000e+01 1.358876731060749282e-04
1.000000000000000000e+02 1.345308226238163161e-04
1.010000000000000000e+02 1.332008007548433318e-04
1.020000000000000000e+02 1.318968195784833665e-04
1.030000000000000000e+02 1.306181217284760018e-04
1.040000000000000000e+02 1.293639789261237169e-04
1.050000000000000000e+02 1.281336905971500238e-04
1.060000000000000000e+02 1.269265825667306117e-04
1.070000000000000000e+02 1.257420058276038379e-04
1.080000000000000000e+02 1.245793353765154191e-04
1.090000000000000000e+02 1.234379691146389923e-04
1.100000000000000000e+02 1.223173268078755354e-04
1.110000000000000000e+02 1.212168491032845365e-04
1.120000000000000000e+02 1.201359965981427025e-04
1.130000000000000000e+02 1.190742489583524740e-04
1.140000000000000000e+02 1.180311040832012002e-04
1.150000000000000000e+02 1.170060773136387243e-04
1.160000000000000000e+02 1.159987006814469011e-04
1.170000000000000000e+02 1.150085221968729222e-04
1.180000000000000000e+02 1.140351051724346058e-04
1.190000000000000000e+02 1.130780275807727933e-04
1.200000000000000000e+02 1.121368814445796504e-04
1.210000000000000000e+02 1.112112722567325154e-04
1.220000000000000000e+02 1.103008184289173271e-04
1.230000000000000000e+02 1.094051507671097752e-04
1.240000000000000000e+02 1.085239119724101640e-04
1.250000000000000000e+02 1.076567561658103064e-04
1.260000000000000000e+02 1.068033484355562600e-04
1.270000000000000000e+02 1.059633644058808249e-04
1.280000000000000000e+02 1.051364898259190878e-04
1.290000000000000000e+02 1.043224201777264695e-04
1.300000000000000000e+02 1.035208603023695160e-04
1.310000000000000000e+02 1.027315240431130516e-04
1.320000000000000000e+02 1.019541339048211302e-04
1.330000000000000000e+02 1.011884207286953123e-04
1.340000000000000000e+02 1.004341233815654838e-04
1.350000000000000000e+02 9.969098845897512811e-05
1.360000000000000000e+02 9.895877000134826963e-05
1.370000000000000000e+02 9.823722922257543835e-05
1.380000000000000000e+02 9.752613425038737858e-05
1.390000000000000000e+02 9.682525987792479851e-05
2.000000000000000000e+00 6.249500386447436398e-03
3.000000000000000000e+00 4.271809880613875766e-03
4.000000000000000000e+00 3.244295358757325401e-03
5.000000000000000000e+00 2.615043433995095559e-03
6.000000000000000000e+00 2.190157269340123856e-03
7.000000000000000000e+00 1.884008258507010236e-03
8.000000000000000000e+00 1.652934864662045306e-03
9.000000000000000000e+00 1.472341856649269590e-03
2.000000000000000000e+00 6.249500386447436398e-03
3.000000000000000000e+00 4.271809880613875766e-03
4.000000000000000000e+00 3.244295358757325401e-03
5.000000000000000000e+00 2.615043433995095559e-03
6.000000000000000000e+00 2.190157269340123856e-03
7.000000000000000000e+00 1.884008258507010236e-03
8.000000000000000000e+00 1.652934864662045306e-03
9.000000000000000000e+00 1.472341856649269590e-03
1.000000000000000000e+01 1.327318391140812522e-03
1.100000000000000000e+01 1.208299098214026890e-03
1.200000000000000000e+01 1.108865904111457469e-03
1.300000000000000000e+01 1.024552070540487051e-03
1.400000000000000000e+01 9.521530324336717043e-04
1.500000000000000000e+01 8.893100228037501345e-04
1.600000000000000000e+01 8.342483157040432020e-04
1.700000000000000000e+01 7.856070081429065034e-04
1.800000000000000000e+01 7.423250526333393697e-04
1.900000000000000000e+01 7.035629860849705380e-04
2.000000000000000000e+01 6.686479585064564668e-04
2.100000000000000000e+01 6.370343528594282810e-04
2.200000000000000000e+01 6.082750693844208700e-04
2.300000000000000000e+01 5.820002511372175192e-04
2.400000000000000000e+01 5.579012940787846228e-04
2.500000000000000000e+01 5.357186890461629238e-04
2.600000000000000000e+01 5.152325671378631643e-04
2.700000000000000000e+01 4.962554994374940992e-04
2.800000000000000000e+01 4.786266718798355756e-04
2.900000000000000000e+01 4.622073359207591603e-04
3.000000000000000000e+01 4.468771495672362926e-04
3.100000000000000000e+01 4.325312231133954851e-04
3.200000000000000000e+01 4.190777161649139517e-04
3.300000000000000000e+01 4.064358694431448879e-04
3.400000000000000000e+01 3.945343828983860534e-04
3.500000000000000000e+01 3.833100696155998933e-04
3.600000000000000000e+01 3.727067341317529393e-04
3.700000000000000000e+01 3.626742314102138578e-04
3.800000000000000000e+01 3.531676739004453096e-04
3.900000000000000000e+01 3.441467601141202275e-04
4.000000000000000000e+01 3.355752035330991320e-04
4.100000000000000000e+01 3.274202447829960977e-04
4.200000000000000000e+01 3.196522332448811679e-04
4.300000000000000000e+01 3.122442668411933345e-04
4.400000000000000000e+01 3.051718807728014495e-04
4.500000000000000000e+01 2.984127776182485627e-04
4.600000000000000000e+01 2.919465925216963259e-04
4.700000000000000000e+01 2.857546882604456405e-04
4.800000000000000000e+01 2.798199758483620766e-04
4.900000000000000000e+01 2.741267570384754975e-04
5.000000000000000000e+01 2.686605856681847861e-04
5.100000000000000000e+01 2.634081452684754404e-04
5.200000000000000000e+01 2.583571407541716846e-04
5.300000000000000000e+01 2.534962023407184265e-04
5.400000000000000000e+01 2.488148001070761132e-04
5.500000000000000000e+01 2.443031678534475807e-04
5.600000000000000000e+01 2.399522350951142566e-04
5.700000000000000000e+01 2.357535661959247845e-04
5.800000000000000000e+01 2.316993057819083986e-04
5.900000000000000000e+01 2.277821296918785697e-04
6.000000000000000000e+01 2.239952008206683891e-04
6.100000000000000000e+01 2.203321292949136196e-04
6.200000000000000000e+01 2.167869364934281689e-04
6.300000000000000000e+01 2.133540224860283022e-04
6.400000000000000000e+01 2.100281365177678907e-04
6.500000000000000000e+01 2.068043502114137906e-04
6.600000000000000000e+01 2.036780332004915067e-04
6.700000000000000000e+01 2.006448309395440993e-04
6.800000000000000000e+01 1.977006444679824332e-04
6.900000000000000000e+01 1.948416119297551182e-04
7.000000000000000000e+01 1.920640916736496653e-04
7.100000000000000000e+01 1.893646467787090662e-04
7.200000000000000000e+01 1.867400308665009693e-04
7.300000000000000000e+01 1.841871750771025722e-04
7.400000000000000000e+01 1.817031760989389164e-04
7.500000000000000000e+01 1.792852851543098890e-04
7.600000000000000000e+01 1.769308978527768831e-04
7.700000000000000000e+01 1.746375448336300908e-04
7.800000000000000000e+01 1.724028831267897081e-04
7.900000000000000000e+01 1.702246881686006246e-04
8.000000000000000000e+01 1.681008464153049982e-04
8.100000000000000000e+01 1.660293485026510189e-04
8.200000000000000000e+01 1.640082829051082948e-04
8.300000000000000000e+01 1.620358300526234397e-04
8.400000000000000000e+01 1.601102568668479249e-04
8.500000000000000000e+01 1.582299116823669347e-04
8.600000000000000000e+01 1.563932195216502930e-04
8.700000000000000000e+01 1.545986776952891408e-04
8.800000000000000000e+01 1.528448517017188515e-04
8.900000000000000000e+01 1.511303714028965268e-04
9.000000000000000000e+01 1.494539274545075554e-04
9.100000000000000000e+01 1.478142679711406027e-04
9.200000000000000000e+01 1.462101953432828070e-04
9.300000000000000000e+01 1.446405635825255347e-04
9.400000000000000000e+01 1.431042751963979140e-04
9.500000000000000000e+01 1.416002788931169335e-04
9.600000000000000000e+01 1.401275671164295368e-04
9.700000000000000000e+01 1.386851738004303103e-04
9.800000000000000000e+01 1.372721722332214691e-04
9.900000000000000000e+01 1.358876731060749282e-04
1.000000000000000000e+02 1.345308226238163161e-04
1.010000000000000000e+02 1.332008007548433318e-04
1.020000000000000000e+02 1.318968195784833665e-04
1.030000000000000000e+02 1.306181217284760018e-04
1.040000000000000000e+02 1.293639789261237169e-04
1.050000000000000000e+02 1.281336905971500238e-04
1.060000000000000000e+02 1.269265825667306117e-04
1.070000000000000000e+02 1.257420058276038379e-04
1.080000000000000000e+02 1.245793353765154191e-04
1.090000000000000000e+02 1.234379691146389923e-04
1.100000000000000000e+02 1.223173268078755354e-04
1.110000000000000000e+02 1.212168491032845365e-04
1.120000000000000000e+02 1.201359965981427025e-04
1.130000000000000000e+02 1.190742489583524740e-04
1.140000000000000000e+02 1.180311040832012002e-04
1.150000000000000000e+02 1.170060773136387243e-04
1.160000000000000000e+02 1.159987006814469011e-04
1.170000000000000000e+02 1.150085221968729222e-04
1.180000000000000000e+02 1.140351051724346058e-04
1.190000000000000000e+02 1.130780275807727933e-04
1.200000000000000000e+02 1.121368814445796504e-04
1.210000000000000000e+02 1.112112722567325154e-04
1.220000000000000000e+02 1.103008184289173271e-04
1.230000000000000000e+02 1.094051507671097752e-04
1.240000000000000000e+02 1.085239119724101640e-04
1.250000000000000000e+02 1.076567561658103064e-04
1.260000000000000000e+02 1.068033484355562600e-04
1.270000000000000000e+02 1.059633644058808249e-04
1.280000000000000000e+02 1.051364898259190878e-04
1.290000000000000000e+02 1.043224201777264695e-04
1.300000000000000000e+02 1.035208603023695160e-04
1.310000000000000000e+02 1.027315240431130516e-04
1.320000000000000000e+02 1.019541339048211302e-04
1.330000000000000000e+02 1.011884207286953123e-04
1.340000000000000000e+02 1.004341233815654838e-04
1.350000000000000000e+02 9.969098845897512811e-05
1.360000000000000000e+02 9.895877000134826963e-05
1.370000000000000000e+02 9.823722922257543835e-05
1.380000000000000000e+02 9.752613425038737858e-05
1.390000000000000000e+02 9.682525987792479851e-05
2.000000000000000000e+00 6.249500386447436398e-03
3.000000000000000000e+00 4.271809880613875766e-03
4.000000000000000000e+00 3.244295358757325401e-03
5.000000000000000000e+00 2.615043433995095559e-03
6.000000000000000000e+00 2.190157269340123856e-03
7.000000000000000000e+00 1.884008258507010236e-03
8.000000000000000000e+00 1.652934864662045306e-03
9.000000000000000000e+00 1.472341856649269590e-03
