2.000000000000000000e+00 1.021854100739454096e-02
4.000000000000000000e+00 6.151768930967252240e-03
6.000000000000000000e+00 4.514338063160835621e-03
8.000000000000000000e+00 3.607063492303394427e-03
1.000000000000000000e+01 3.023480524426411416e-03
1.200000000000000000e+01 2.613630779136537439e-03
1.400000000000000000e+01 2.308533023300400003e-03
1.600000000000000000e+01 2.071779666956157125e-03
1.800000000000000000e+01 1.882243278439849760e-03
2.000000000000000000e+01 1.726777993149473554e-03
2.200000000000000000e+01 1.596754022316474765e-03
2.400000000000000000e+01 1.486260091623233621e-03
2.600000000000000000e+01 1.391104518506999484e-03
2.800000000000000000e+01 1.308228331043074935e-03
3.000000000000000000e+01 1.235344386260098324e-03
3.200000000000000000e+01 1.170706776113873346e-03
3.400000000000000000e+01 1.112958599449328330e-03
3.600000000000000000e+01 1.061028601371879262e-03
3.800000000000000000e+01 1.014059249492295410e-03
4.000000000000000000e+01 9.713556233574305874e-04
4.200000000000000000e+01 9.323482812362074434e-04
4.400000000000000000e+01 8.965660448219109476e-04
4.600000000000000000e+01 8.636154850289804981e-04
4.800000000000000000e+01 8.331654195150503799e-04
5.000000000000000000e+01 8.049349807031114809e-04
5.200000000000000000e+01 7.786843452313665795e-04
5.400000000000000000e+01 7.542074462275543756e-04
5.600000000000000000e+01 7.313261942181446297e-04
5.800000000000000000e+01 7.098858506342369283e-04
6.000000000000000000e+01 6.897512950769221557e-04
6.200000000000000000e+01 6.708039894533158109e-04
6.400000000000000000e+01 6.529394917658786195e-04
6.600000000000000000e+01 6.360654062751138144e-04
6.800000000000000000e+01 6.200996829655665201e-04
7.000000000000000000e+01 6.049762193215750235e-04
7.200000000000000000e+01 5.906085661218799052e-04
7.400000000000000000e+01 5.769591306446890128e-04
7.600000000000000000e+01 5.639681185489380053e-04
7.800000000000000000e+01 5.515879130882182920e-04
8.000000000000000000e+01 5.397754350224116902e-04
8.200000000000000000e+01 5.284916108182275600e-04
8.400000000000000000e+01 5.177009143272532938e-04
8.600000000000000000e+01 5.073709702471286683e-04
8.800000000000000000e+01 4.974722099091397629e-04
9.000000000000000000e+01 4.879775713963365575e-04
9.200000000000000000e+01 4.788622375365020616e-04
9.400000000000000000e+01 4.701034059978002476e-04
9.600000000000000000e+01 4.616800884460099674e-04
9.800000000000000000e+01 4.535729304226090888e-04
1.000000000000000000e+02 4.457640562007907353e-04
1.020000000000000000e+02 4.382369281197490748e-04
1.040000000000000000e+02 4.309762226333433083e-04
1.060000000000000000e+02 4.239677227237155922e-04
1.080000000000000000e+02 4.171982137939307732e-04
1.100000000000000000e+02 4.106554013528100405e-04
1.120000000000000000e+02 4.043278292726693122e-04
1.140000000000000000e+02 3.982048094878840429e-04
1.160000000000000000e+02 3.922763575449660697e-04
1.180000000000000000e+02 3.865331385794165448e-04
1.200000000000000000e+02 3.809664084706588789e-04
1.220000000000000000e+02 3.755679738050251605e-04
1.240000000000000000e+02 3.703301451235633808e-04
1.260000000000000000e+02 3.652457025380954512e-04
1.280000000000000000e+02 3.603078534648723199e-04
1.300000000000000000e+02 3.555102077724067722e-04
1.320000000000000000e+02 3.508467450348628320e-04
1.340000000000000000e+02 3.463117886071661396e-04
1.360000000000000000e+02 3.418999812501536686e-04
1.380000000000000000e+02 3.376062628340760160e-04
