2.000000000000000000e+00 5.819310526873607524e-03
4.000000000000000000e+00 3.440474951442517009e-03
6.000000000000000000e+00 2.502516174742399138e-03
8.000000000000000000e+00 1.988427303288943081e-03
1.000000000000000000e+01 1.660089535489628343e-03
1.200000000000000000e+01 1.430683221661904845e-03
1.400000000000000000e+01 1.260589308007085008e-03
1.600000000000000000e+01 1.129021626296060387e-03
1.800000000000000000e+01 1.023974502519476529e-03
2.000000000000000000e+01 9.380065160210360317e-04
2.200000000000000000e+01 8.662483862342819883e-04
2.400000000000000000e+01 8.053740271859403249e-04
2.600000000000000000e+01 7.530306019878859908e-04
2.800000000000000000e+01 7.075047485098843580e-04
3.000000000000000000e+01 6.675178586678134603e-04
3.200000000000000000e+01 6.320955788331556130e-04
3.400000000000000000e+01 6.004818294910758015e-04
3.600000000000000000e+01 5.720805508625108641e-04
3.800000000000000000e+01 5.464152274850286092e-04
4.000000000000000000e+01 5.231001602184093702e-04
4.200000000000000000e+01 5.018196768465836913e-04
4.400000000000000000e+01 4.823128272942224255e-04
4.600000000000000000e+01 4.643619420413116518e-04
4.800000000000000000e+01 4.477839579534226332e-04
5.000000000000000000e+01 4.324237580884098399e-04
5.200000000000000000e+01 4.181490040467950552e-04
5.400000000000000000e+01 4.048460679478799000e-04
5.600000000000000000e+01 3.924168237841536627e-04
5.800000000000000000e+01 3.807760703396479395e-04
6.000000000000000000e+01 3.698494575940813899e-04
6.200000000000000000e+01 3.595718010700420502e-04
6.400000000000000000e+01 3.498857023630459534e-04
6.600000000000000000e+01 3.407404126044974099e-04
6.800000000000000000e+01 3.320908902415591274e-04
