2.000000000000000000e+00 1.826020006425072353e-02
4.000000000000000000e+00 1.133494481803292396e-02
6.000000000000000000e+00 8.443531058589805530e-03
8.000000000000000000e+00 6.810830859627479798e-03
1.000000000000000000e+01 5.747586528751561473e-03
1.200000000000000000e+01 4.994155568805503688e-03
1.400000000000000000e+01 4.429400458740846529e-03
1.600000000000000000e+01 3.988708395650525027e-03
1.800000000000000000e+01 3.634271658948541248e-03
2.000000000000000000e+01 3.342405344608842879e-03
2.200000000000000000e+01 3.097472236156047828e-03
2.400000000000000000e+01 2.888708650451707501e-03
2.600000000000000000e+01 2.708449516943248116e-03
2.800000000000000000e+01 2.551080033662419047e-03
3.000000000000000000e+01 2.412388048879774479e-03
3.200000000000000000e+01 2.289148486235354461e-03
3.400000000000000000e+01 2.178847999506250584e-03
3.600000000000000000e+01 2.079497386282559354e-03
3.800000000000000000e+01 1.989500656799241679e-03
4.000000000000000000e+01 1.907561711023961605e-03
4.200000000000000000e+01 1.832616465182708345e-03
4.400000000000000000e+01 1.763782786545917353e-03
4.600000000000000000e+01 1.700322870180978260e-03
4.800000000000000000e+01 1.641614651261372529e-03
5.000000000000000000e+01 1.587129786563968529e-03
5.200000000000000000e+01 1.536416495404467749e-03
5.400000000000000000e+01 1.489086075171622758e-03
5.600000000000000000e+01 1.444802170076155221e-03
5.800000000000000000e+01 1.403272173514447715e-03
6.000000000000000000e+01 1.364240296110259213e-03
6.200000000000000000e+01 1.327481875563222766e-03
6.400000000000000000e+01 1.292798782913837661e-03
6.600000000000000000e+01 1.260015547340443114e-03
6.800000000000000000e+01 1.228976209057988265e-03
