2.000000000000000000e+00 4.923499562849481884e-03
4.000000000000000000e+00 2.593075230211111266e-03
6.000000000000000000e+00 1.761028108786198134e-03
8.000000000000000000e+00 1.333394204921812707e-03
1.000000000000000000e+01 1.072912292644346557e-03
1.200000000000000000e+01 8.975858942235891711e-04
1.400000000000000000e+01 7.715187944480866433e-04
1.600000000000000000e+01 6.765064519143913291e-04
1.800000000000000000e+01 6.023315133373799857e-04
2.000000000000000000e+01 5.428160862322807577e-04
2.200000000000000000e+01 4.940049425077672890e-04
2.400000000000000000e+01 4.532483409647286815e-04
2.600000000000000000e+01 4.187044939651267178e-04
2.800000000000000000e+01 3.890533911190867064e-04
3.000000000000000000e+01 3.633242470757781784e-04
3.200000000000000000e+01 3.407871736616374268e-04
3.400000000000000000e+01 3.208828203058956743e-04
3.600000000000000000e+01 3.031753145927891394e-04
3.800000000000000000e+01 2.873199709159039543e-04
4.000000000000000000e+01 2.730406293890634377e-04
4.200000000000000000e+01 2.601134326373076740e-04
4.400000000000000000e+01 2.483550032944281151e-04
4.600000000000000000e+01 2.376136896661291541e-04
4.800000000000000000e+01 2.277629891183595434e-04
5.000000000000000000e+01 2.186965423258364688e-04
5.200000000000000000e+01 2.103242773919074997e-04
5.400000000000000000e+01 2.025694070398984686e-04
5.600000000000000000e+01 1.953660665160727463e-04
5.800000000000000000e+01 1.886574381859915128e-04
6.000000000000000000e+01 1.823942497145912111e-04
6.200000000000000000e+01 1.765335617975641563e-04
6.400000000000000000e+01 1.710377823414732570e-04
6.600000000000000000e+01 1.658738592322200444e-04
6.800000000000000000e+01 1.610126150532226088e-04
