2.000000000000000000e+00 2.583944702004826576e-03
4.000000000000000000e+00 1.332042233420594997e-03
6.000000000000000000e+00 8.971619694469869320e-04
8.000000000000000000e+00 6.763224859676524384e-04
1.000000000000000000e+01 5.427202898431276968e-04
1.200000000000000000e+01 4.531922760345106723e-04
1.400000000000000000e+01 3.890178004749178151e-04
1.600000000000000000e+01 3.407631869213234208e-04
1.800000000000000000e+01 3.031583890436705835e-04
2.000000000000000000e+01 2.730282445023034699e-04
2.200000000000000000e+01 2.483456698841102813e-04
2.400000000000000000e+01 2.277557817047983076e-04
2.600000000000000000e+01 2.103185963560318323e-04
2.800000000000000000e+01 1.953615095676738793e-04
3.000000000000000000e+01 1.823905388244421706e-04
3.200000000000000000e+01 1.710347203871479677e-04
3.400000000000000000e+01 1.610100591338276140e-04
3.600000000000000000e+01 1.520954536684891820e-04
3.800000000000000000e+01 1.441161992072694550e-04
4.000000000000000000e+01 1.369324242170647519e-04
4.200000000000000000e+01 1.304308213494112642e-04
4.400000000000000000e+01 1.245186268115074048e-04
4.600000000000000000e+01 1.191191665147579918e-04
4.800000000000000000e+01 1.141685126265131058e-04
5.000000000000000000e+01 1.096129406037196346e-04
5.200000000000000000e+01 1.054069716714567558e-04
5.400000000000000000e+01 1.015118493119902273e-04
5.600000000000000000e+01 9.789434150122754629e-05
5.800000000000000000e+01 9.452579023138698005e-05
6.000000000000000000e+01 9.138135073855603520e-05
6.200000000000000000e+01 8.843937768382880338e-05
6.400000000000000000e+01 8.568092620392966626e-05
6.600000000000000000e+01 8.308934351060241286e-05
6.800000000000000000e+01 8.064993243019622556e-05
