2.000000000000000000e+00 1.267482291548408316e-02
4.000000000000000000e+00 7.089297361948562748e-03
6.000000000000000000e+00 4.940743623114860969e-03
8.000000000000000000e+00 3.795709765494855847e-03
1.000000000000000000e+01 3.082822325054087632e-03
1.200000000000000000e+01 2.595873817828497476e-03
1.400000000000000000e+01 2.242001730363769874e-03
1.600000000000000000e+01 1.973151864070349371e-03
1.800000000000000000e+01 1.761940597155707078e-03
2.000000000000000000e+01 1.591612270782688651e-03
2.200000000000000000e+01 1.451336131301115499e-03
2.400000000000000000e+01 1.333798832239783136e-03
2.600000000000000000e+01 1.233883111141477170e-03
2.800000000000000000e+01 1.147900703233118965e-03
3.000000000000000000e+01 1.073125899559833384e-03
3.200000000000000000e+01 1.007500669466636356e-03
3.400000000000000000e+01 9.494419574774808513e-04
3.600000000000000000e+01 8.977120960524848136e-04
3.800000000000000000e+01 8.513294594982083159e-04
4.000000000000000000e+01 8.095054942468784187e-04
4.200000000000000000e+01 7.715994655177199494e-04
4.400000000000000000e+01 7.370853644736221353e-04
4.600000000000000000e+01 7.055273261617128278e-04
4.800000000000000000e+01 6.765611094088089467e-04
5.000000000000000000e+01 6.498799630766744157e-04
5.200000000000000000e+01 6.252237126084395427e-04
5.400000000000000000e+01 6.023702419991625381e-04
5.600000000000000000e+01 5.811287793925949338e-04
5.800000000000000000e+01 5.613345559409697221e-04
6.000000000000000000e+01 5.428445208341738668e-04
6.200000000000000000e+01 5.255338768675882084e-04
6.400000000000000000e+01 5.092932714534557058e-04
6.600000000000000000e+01 4.940264309478698945e-04
6.800000000000000000e+01 4.796483291541214929e-04
7.000000000000000000e+01 4.660835493087050248e-04
7.200000000000000000e+01 4.532649735320426758e-04
7.400000000000000000e+01 4.411326718755629477e-04
7.600000000000000000e+01 4.296329650596660194e-04
7.800000000000000000e+01 4.187176302284756173e-04
8.000000000000000000e+01 4.083432247296219322e-04
8.200000000000000000e+01 3.984705081752784399e-04
8.400000000000000000e+01 3.890639462430070029e-04
8.600000000000000000e+01 3.800912831684908700e-04
8.800000000000000000e+01 3.715231723698982622e-04
9.000000000000000000e+01 3.633328553456851868e-04
9.200000000000000000e+01 3.554958827263878050e-04
9.400000000000000000e+01 3.479898704013983002e-04
9.600000000000000000e+01 3.407942858989320822e-04
9.800000000000000000e+01 3.338902608696137694e-04
1.000000000000000000e+02 3.272604257989366445e-04
1.020000000000000000e+02 3.208887640373039862e-04
1.040000000000000000e+02 3.147604826721053838e-04
1.060000000000000000e+02 3.088618977686748406e-04
1.080000000000000000e+02 3.031803323996811383e-04
1.100000000000000000e+02 2.977040256656974127e-04
1.120000000000000000e+02 2.924220514356253714e-04
1.140000000000000000e+02 2.873242455583034974e-04
1.160000000000000000e+02 2.824011405786594942e-04
1.180000000000000000e+02 2.776439070482355099e-04
1.200000000000000000e+02 2.730443006703844877e-04
1.220000000000000000e+02 2.685946146143828629e-04
1.240000000000000000e+02 2.642876364181850641e-04
1.260000000000000000e+02 2.601166089727912625e-04
1.280000000000000000e+02 2.560751951442251373e-04
1.300000000000000000e+02 2.521574456435170209e-04
1.320000000000000000e+02 2.483577698020215463e-04
1.340000000000000000e+02 2.446709089500933611e-04
1.360000000000000000e+02 2.410919121325493951e-04
1.380000000000000000e+02 2.376161139250276518e-04
