2.000000000000000000e+00 9.063399746515019700e-03
4.000000000000000000e+00 4.937989704233939660e-03
6.000000000000000000e+00 3.401229365526333565e-03
8.000000000000000000e+00 2.595433485759485442e-03
1.000000000000000000e+01 2.098751379217597690e-03
1.200000000000000000e+01 1.761797543189918668e-03
1.400000000000000000e+01 1.518145536719916816e-03
1.600000000000000000e+01 1.333735484594727148e-03
1.800000000000000000e+01 1.189293845531038318e-03
2.000000000000000000e+01 1.073092480179411090e-03
2.200000000000000000e+01 9.775843578404849830e-04
2.400000000000000000e+01 8.976923589094341384e-04
2.600000000000000000e+01 8.298750697024407513e-04
2.800000000000000000e+01 7.715868520407722416e-04
3.000000000000000000e+01 7.209507812266690088e-04
3.200000000000000000e+01 6.765525646553147707e-04
3.400000000000000000e+01 6.373062570298044767e-04
3.600000000000000000e+01 6.023641880942279996e-04
3.800000000000000000e+01 5.710550018295561464e-04
4.000000000000000000e+01 5.428400764000886752e-04
4.200000000000000000e+01 5.172822624317850553e-04
4.400000000000000000e+01 4.940230724198243790e-04
4.600000000000000000e+01 4.727657027491587692e-04
4.800000000000000000e+01 4.532623740666165608e-04
5.000000000000000000e+01 4.353045727254626685e-04
5.200000000000000000e+01 4.187155772638780343e-04
5.400000000000000000e+01 4.033446212162351157e-04
5.600000000000000000e+01 3.890622967105325774e-04
5.800000000000000000e+01 3.757569012848831908e-04
6.000000000000000000e+01 3.633315100937739637e-04
6.200000000000000000e+01 3.517016099687084087e-04
6.400000000000000000e+01 3.407931744591605932e-04
6.600000000000000000e+01 3.305410860698285158e-04
6.800000000000000000e+01 3.208878352159803674e-04
7.000000000000000000e+01 3.117824405631098965e-04
7.200000000000000000e+01 3.031795482818705804e-04
7.400000000000000000e+01 2.950386763592093790e-04
7.600000000000000000e+01 2.873235775799509078e-04
7.800000000000000000e+01 2.800016998389682349e-04
8.000000000000000000e+01 2.730437269818412026e-04
8.200000000000000000e+01 2.664231864443492243e-04
8.400000000000000000e+01 2.601161126304191661e-04
8.600000000000000000e+01 2.541007570041252882e-04
8.800000000000000000e+01 2.483573375034620208e-04
9.000000000000000000e+01 2.428678211909493783e-04
9.200000000000000000e+01 2.376157351090893443e-04
9.400000000000000000e+01 2.325860011608717854e-04
9.600000000000000000e+01 2.277647915288435912e-04
9.800000000000000000e+01 2.231394017126886594e-04
1.000000000000000000e+02 2.186981387303646516e-04
1.020000000000000000e+02 2.144302224110844414e-04
1.040000000000000000e+02 2.103256980258072972e-04
1.060000000000000000e+02 2.063753587644221300e-04
1.080000000000000000e+02 2.025706767888553798e-04
1.100000000000000000e+02 1.989037417752344467e-04
1.120000000000000000e+02 1.953672060129480218e-04
1.140000000000000000e+02 1.919542352587324835e-04
1.160000000000000000e+02 1.886584646539950444e-04
1.180000000000000000e+02 1.854739591070895838e-04
1.200000000000000000e+02 1.823951776216911364e-04
1.220000000000000000e+02 1.794169411201750682e-04
1.240000000000000000e+02 1.765344033689294047e-04
1.260000000000000000e+02 1.737430246622316955e-04
1.280000000000000000e+02 1.710385479640818358e-04
1.300000000000000000e+02 1.684169772442719226e-04
1.320000000000000000e+02 1.658745577767993214e-04
1.340000000000000000e+02 1.634077581963149384e-04
1.360000000000000000e+02 1.610132541322903236e-04
1.380000000000000000e+02 1.586879132613764286e-04
