2.000000000000000000e+00 1.620113210836945927e-02
4.000000000000000000e+00 9.275220862967552271e-03
6.000000000000000000e+00 6.535498976123928043e-03
8.000000000000000000e+00 5.053570200554630479e-03
1.000000000000000000e+01 4.122179268660896602e-03
1.200000000000000000e+01 3.481770303443794314e-03
1.400000000000000000e+01 3.014098931879072817e-03
1.600000000000000000e+01 2.657450303134521394e-03
1.800000000000000000e+01 2.376421794841045501e-03
2.000000000000000000e+01 2.149235330803227033e-03
2.200000000000000000e+01 1.961752031991329925e-03
2.400000000000000000e+01 1.804389721840927519e-03
2.600000000000000000e+01 1.670422744258692836e-03
2.800000000000000000e+01 1.554990579778616410e-03
3.000000000000000000e+01 1.454492816921399171e-03
3.200000000000000000e+01 1.366205414630128302e-03
3.400000000000000000e+01 1.288029213683661908e-03
3.600000000000000000e+01 1.218320388629743570e-03
3.800000000000000000e+01 1.155773285806646926e-03
4.000000000000000000e+01 1.099337679568806537e-03
4.200000000000000000e+01 1.048159199681287460e-03
4.400000000000000000e+01 1.001535693409222848e-03
4.600000000000000000e+01 9.588847607311363043e-04
4.800000000000000000e+01 9.197192609852854065e-04
5.000000000000000000e+01 8.836285965066974614e-04
5.200000000000000000e+01 8.502642431690314497e-04
5.400000000000000000e+01 8.193284446521823970e-04
5.600000000000000000e+01 7.905652911752201291e-04
5.800000000000000000e+01 7.637536161998949736e-04
6.000000000000000000e+01 7.387012926231413491e-04
6.200000000000000000e+01 7.152406173023848979e-04
6.400000000000000000e+01 6.932245487543145469e-04
6.600000000000000000e+01 6.725236197526076980e-04
6.800000000000000000e+01 6.530233874760021017e-04
