2.000000000000000000e+00 4.276153851374570047e-01
4.000000000000000000e+00 3.048766525999843102e-01
6.000000000000000000e+00 2.432236345315971215e-01
8.000000000000000000e+00 2.048821977055344801e-01
1.000000000000000000e+01 1.783015716153625030e-01
1.200000000000000000e+01 1.585986568142651598e-01
1.400000000000000000e+01 1.433111007593812214e-01
1.600000000000000000e+01 1.310478778777460773e-01
1.800000000000000000e+01 1.209576806861587389e-01
2.000000000000000000e+01 1.124874285437052063e-01
2.200000000000000000e+01 1.052607136663333970e-01
2.400000000000000000e+01 9.901165801837133462e-02
2.600000000000000000e+01 9.354664140017773799e-02
2.800000000000000000e+01 8.872102273735808786e-02
3.000000000000000000e+01 8.442439091160504339e-02
3.200000000000000000e+01 8.057088042434058794e-02
3.400000000000000000e+01 7.709262776473592427e-02
3.600000000000000000e+01 7.393523238082586047e-02
3.800000000000000000e+01 7.105453303878471460e-02
4.000000000000000000e+01 6.841427986465446753e-02
4.200000000000000000e+01 6.598441613310951359e-02
4.400000000000000000e+01 6.373979395547305082e-02
4.600000000000000000e+01 6.165919927036027370e-02
4.800000000000000000e+01 5.972460226317145154e-02
5.000000000000000000e+01 5.792057429081385461e-02
5.200000000000000000e+01 5.623382944206897771e-02
5.400000000000000000e+01 5.465286055217696837e-02
5.600000000000000000e+01 5.316764738922849509e-02
5.800000000000000000e+01 5.176942198639914589e-02
6.000000000000000000e+01 5.045047495182321262e-02
6.200000000000000000e+01 4.920400002878746321e-02
6.400000000000000000e+01 4.802396327260221448e-02
6.600000000000000000e+01 4.690499550016145880e-02
6.800000000000000000e+01 4.584230184604740077e-02
7.000000000000000000e+01 4.483158631107764941e-02
7.200000000000000000e+01 4.386898764526427075e-02
7.400000000000000000e+01 4.295102508211690040e-02
7.600000000000000000e+01 4.207455204909829605e-02
7.800000000000000000e+01 4.123671652970419682e-02
8.000000000000000000e+01 4.043492697878549313e-02
8.200000000000000000e+01 3.966682290669031052e-02
8.400000000000000000e+01 3.893024938855618039e-02
8.600000000000000000e+01 3.822323490454228312e-02
8.800000000000000000e+01 3.754397200839198340e-02
9.000000000000000000e+01 3.689080041050864928e-02
9.200000000000000000e+01 3.626219212565481159e-02
9.400000000000000000e+01 3.565673840314960430e-02
9.600000000000000000e+01 3.507313806099953551e-02
9.800000000000000000e+01 3.451018788435253337e-02
1.000000000000000000e+02 3.396677233380013261e-02
1.020000000000000000e+02 3.344185670838235869e-02
1.040000000000000000e+02 3.293447922695403457e-02
1.060000000000000000e+02 3.244374529325903117e-02
1.080000000000000000e+02 3.196882060748586218e-02
1.100000000000000000e+02 3.150892713460855254e-02
1.120000000000000000e+02 3.106333789286146868e-02
1.140000000000000000e+02 3.063137288247456957e-02
1.160000000000000000e+02 3.021239530862443803e-02
1.180000000000000000e+02 2.980580816354216206e-02
1.200000000000000000e+02 2.941105113486467901e-02
1.220000000000000000e+02 2.902759779585593891e-02
1.240000000000000000e+02 2.865495305390938427e-02
1.260000000000000000e+02 2.829265082753627814e-02
1.280000000000000000e+02 2.794025192856874895e-02
1.300000000000000000e+02 2.759734212861712083e-02
1.320000000000000000e+02 2.726353039163606495e-02
1.340000000000000000e+02 2.693844721763826236e-02
1.360000000000000000e+02 2.662174334207853543e-02
1.380000000000000000e+02 2.631308800391930075e-02
