2.000000000000000000e+00 6.486109300427819191e-01
4.000000000000000000e+00 4.863454558855933030e-01
6.000000000000000000e+00 3.992210613314164935e-01
8.000000000000000000e+00 3.428346658094548749e-01
1.000000000000000000e+01 3.026431617661122786e-01
1.200000000000000000e+01 2.722210858760608088e-01
1.400000000000000000e+01 2.482221524754335273e-01
1.600000000000000000e+01 2.287078392763564061e-01
1.800000000000000000e+01 2.124672763412267518e-01
2.000000000000000000e+01 1.987002251456839730e-01
2.200000000000000000e+01 1.868540691748558358e-01
2.400000000000000000e+01 1.765334875463866471e-01
2.600000000000000000e+01 1.674473721046236541e-01
2.800000000000000000e+01 1.593760913316233929e-01
3.000000000000000000e+01 1.521504942317357112e-01
3.200000000000000000e+01 1.456379694029048821e-01
3.400000000000000000e+01 1.397329407350569874e-01
3.600000000000000000e+01 1.343502052614384268e-01
3.800000000000000000e+01 1.294201714281892068e-01
4.000000000000000000e+01 1.248853864125951396e-01
4.200000000000000000e+01 1.206979603455333866e-01
4.400000000000000000e+01 1.168176263773913481e-01
4.600000000000000000e+01 1.132102593570191162e-01
4.800000000000000000e+01 1.098467305058733606e-01
5.000000000000000000e+01 1.067020117653764005e-01
5.200000000000000000e+01 1.037544680744572068e-01
5.400000000000000000e+01 1.009852928109393755e-01
5.600000000000000000e+01 9.837805394359298850e-02
5.800000000000000000e+01 9.591832338681453851e-02
6.000000000000000000e+01 9.359337875638203130e-02
6.200000000000000000e+01 9.139195325754255472e-02
6.400000000000000000e+01 8.930403069341175115e-02
6.600000000000000000e+01 8.732067414578754960e-02
6.800000000000000000e+01 8.543388233900253703e-02
