2.000000000000000000e+00 6.486109300427819191e-01
4.000000000000000000e+00 4.863454558855933030e-01
6.000000000000000000e+00 3.992210613314164935e-01
8.000000000000000000e+00 3.428346658094548749e-01
1.000000000000000000e+01 3.026431617661122786e-01
1.200000000000000000e+01 2.722210858760608088e-01
1.400000000000000000e+01 2.482221524754335273e-01
1.600000000000000000e+01 2.287078392763564061e-01
1.800000000000000000e+01 2.124672763412267518e-01
2.000000000000000000e+01 1.987002251456839730e-01
2.200000000000000000e+01 1.868540691748558358e-01
2.400000000000000000e+01 1.765334875463866471e-01
2.600000000000000000e+01 1.674473721046236541e-01
2.800000000000000000e+01 1.593760913316233929e-01
3.000000000000000000e+01 1.521504942317357112e-01
3.200000000000000000e+01 1.456379694029048821e-01
3.400000000000000000e+01 1.397329407350569874e-01
3.600000000000000000e+01 1.343502052614384268e-01
3.800000000000000000e+01 1.294201714281892068e-01
4.000000000000000000e+01 1.248853864125951396e-01
4.200000000000000000e+01 1.206979603455333866e-01
4.400000000000000000e+01 1.168176263773913481e-01
4.600000000000000000e+01 1.132102593570191162e-01
4.800000000000000000e+01 1.098467305058733606e-01
5.000000000000000000e+01 1.067020117653764005e-01
5.200000000000000000e+01 1.037544680744572068e-01
5.400000000000000000e+01 1.009852928109393755e-01
5.600000000000000000e+01 9.837805394359298850e-02
5.800000000000000000e+01 9.591832338681453851e-02
6.000000000000000000e+01 9.359337875638203130e-02
6.200000000000000000e+01 9.139195325754255472e-02
6.400000000000000000e+01 8.930403069341175115e-02
6.600000000000000000e+01 8.732067414578754960e-02
6.800000000000000000e+01 8.543388233900253703e-02
7.000000000000000000e+01 8.363646858183804156e-02
7.200000000000000000e+01 8.192195820527001238e-02
7.400000000000000000e+01 8.028450127034204853e-02
7.600000000000000000e+01 7.871879793435480888e-02
7.800000000000000000e+01 7.722003437001828674e-02
8.000000000000000000e+01 7.578382752529938537e-02
8.200000000000000000e+01 7.440617731869346441e-02
8.400000000000000000e+01 7.308342513000294638e-02
8.600000000000000000e+01 7.181221762035071288e-02
8.800000000000000000e+01 7.058947510370310041e-02
9.000000000000000000e+01 6.941236380783678828e-02
9.200000000000000000e+01 6.827827146904011379e-02
9.400000000000000000e+01 6.718478582282248757e-02
9.600000000000000000e+01 6.612967554477215681e-02
9.800000000000000000e+01 6.511087337879610526e-02
1.000000000000000000e+02 6.412646112416453548e-02
1.020000000000000000e+02 6.317465625753318492e-02
1.040000000000000000e+02 6.225379998570265694e-02
1.060000000000000000e+02 6.136234654891403739e-02
1.080000000000000000e+02 6.049885362640358005e-02
1.100000000000000000e+02 5.966197371004210159e-02
1.120000000000000000e+02 5.885044633820833010e-02
1.140000000000000000e+02 5.806309089058432626e-02
1.160000000000000000e+02 5.729880122151633642e-02
1.180000000000000000e+02 5.655653798170130059e-02
1.200000000000000000e+02 5.583532535107246092e-02
1.220000000000000000e+02 5.513424533868469674e-02
1.240000000000000000e+02 5.445243367379971888e-02
1.260000000000000000e+02 5.378907588004131629e-02
1.280000000000000000e+02 5.314340369427495575e-02
1.300000000000000000e+02 5.251469179293946632e-02
1.320000000000000000e+02 5.190225479268647385e-02
1.340000000000000000e+02 5.130544450617906954e-02
1.360000000000000000e+02 5.072364734849851842e-02
1.380000000000000000e+02 5.015628236902700682e-02
