2.000000000000000000e+00 2.698974806563135265e-01
4.000000000000000000e+00 1.861713468586427001e-01
6.000000000000000000e+00 1.458622889012728685e-01
8.000000000000000000e+00 1.214045097980996218e-01
1.000000000000000000e+01 1.047323517946060767e-01
1.200000000000000000e+01 9.252827887278168573e-02
1.400000000000000000e+01 8.315195024902631571e-02
1.600000000000000000e+01 7.569062251439137579e-02
1.800000000000000000e+01 6.959245601911528967e-02
2.000000000000000000e+01 6.450253106165337869e-02
2.200000000000000000e+01 6.018136223163147308e-02
2.400000000000000000e+01 5.646103464707099423e-02
2.600000000000000000e+01 5.322005738478585712e-02
2.800000000000000000e+01 5.036819305830912002e-02
3.000000000000000000e+01 4.783691123985767818e-02
3.200000000000000000e+01 4.557316352569763807e-02
3.400000000000000000e+01 4.353519915540350615e-02
3.600000000000000000e+01 4.168967849588613855e-02
3.800000000000000000e+01 4.000963257935071654e-02
4.000000000000000000e+01 3.847299621957647048e-02
4.200000000000000000e+01 3.706152885156271254e-02
4.400000000000000000e+01 3.576001211227800014e-02
4.600000000000000000e+01 3.455564187324290659e-02
4.800000000000000000e+01 3.343756269970438871e-02
5.000000000000000000e+01 3.239650676014221159e-02
5.200000000000000000e+01 3.142451073172541215e-02
5.400000000000000000e+01 3.051469151870643548e-02
5.600000000000000000e+01 2.966106767150466367e-02
5.800000000000000000e+01 2.885841386519564719e-02
6.000000000000000000e+01 2.810214474486947070e-02
6.200000000000000000e+01 2.738821837950625171e-02
6.400000000000000000e+01 2.671305730686774488e-02
6.600000000000000000e+01 2.607348297220924219e-02
6.800000000000000000e+01 2.546666104869326624e-02
7.000000000000000000e+01 2.489005557409261840e-02
7.200000000000000000e+01 2.434139028564223650e-02
7.400000000000000000e+01 2.381861585539982520e-02
7.600000000000000000e+01 2.331988200111738060e-02
7.800000000000000000e+01 2.284351358480565461e-02
8.000000000000000000e+01 2.238799041112128629e-02
8.200000000000000000e+01 2.195192903769889112e-02
8.400000000000000000e+01 2.153406804021749943e-02
8.600000000000000000e+01 2.113325451440883559e-02
8.800000000000000000e+01 2.074843251966329571e-02
9.000000000000000000e+01 2.037863300519898030e-02
9.200000000000000000e+01 2.002296510721504955e-02
9.400000000000000000e+01 1.968060797146542820e-02
9.600000000000000000e+01 1.935080445872524105e-02
9.800000000000000000e+01 1.903285447087933388e-02
1.000000000000000000e+02 1.872611002976533670e-02
1.020000000000000000e+02 1.842997029049098581e-02
1.040000000000000000e+02 1.814387731537868767e-02
1.060000000000000000e+02 1.786731222610280292e-02
1.080000000000000000e+02 1.759979205330839194e-02
1.100000000000000000e+02 1.734086617861028967e-02
1.120000000000000000e+02 1.709011410082009880e-02
1.140000000000000000e+02 1.684714271454588672e-02
1.160000000000000000e+02 1.661158413456657532e-02
1.180000000000000000e+02 1.638309368583195508e-02
1.200000000000000000e+02 1.616134808238708920e-02
1.220000000000000000e+02 1.594604377706084972e-02
1.240000000000000000e+02 1.573689546271501288e-02
1.260000000000000000e+02 1.553363470804068093e-02
1.280000000000000000e+02 1.533600871657107151e-02
1.300000000000000000e+02 1.514377919267152935e-02
1.320000000000000000e+02 1.495672125969081494e-02
1.340000000000000000e+02 1.477462274589936078e-02
1.360000000000000000e+02 1.459728284960655660e-02
1.380000000000000000e+02 1.442451181026885298e-02
