2.000000000000000000e+00 4.804504296362428484e-01
4.000000000000000000e+00 3.021979049423232921e-01
6.000000000000000000e+00 2.215591516925533300e-01
8.000000000000000000e+00 1.751678562359280378e-01
1.000000000000000000e+01 1.449354140246306710e-01
1.200000000000000000e+01 1.236425778800978731e-01
1.400000000000000000e+01 1.078238757436670164e-01
1.600000000000000000e+01 9.560385883953485819e-02
1.800000000000000000e+01 8.587752838747740591e-02
2.000000000000000000e+01 7.795097143567848719e-02
2.200000000000000000e+01 7.136623411148627916e-02
2.400000000000000000e+01 6.580875974111520532e-02
2.600000000000000000e+01 6.105529149123275351e-02
2.800000000000000000e+01 5.694295562849444048e-02
3.000000000000000000e+01 5.335012470526040440e-02
3.200000000000000000e+01 5.018412913291232791e-02
3.400000000000000000e+01 4.737311768282309599e-02
3.600000000000000000e+01 4.486051885148457236e-02
3.800000000000000000e+01 4.260118202886006844e-02
4.000000000000000000e+01 4.055863243740149421e-02
4.200000000000000000e+01 3.870308184816297764e-02
4.400000000000000000e+01 3.700996286034057697e-02
4.600000000000000000e+01 3.545883269461629073e-02
4.800000000000000000e+01 3.403254214311104281e-02
5.000000000000000000e+01 3.271659773919206177e-02
5.200000000000000000e+01 3.149866667150478389e-02
5.400000000000000000e+01 3.036818849694544395e-02
5.600000000000000000e+01 2.931606821552308270e-02
5.800000000000000000e+01 2.833442867219242850e-02
6.000000000000000000e+01 2.741641585822157667e-02
6.200000000000000000e+01 2.655603637335644460e-02
6.400000000000000000e+01 2.574802681007716879e-02
6.600000000000000000e+01 2.498774587228835484e-02
6.800000000000000000e+01 2.427108508100406237e-02
