2.000000000000000000e+00 3.932742632106260294e-01
4.000000000000000000e+00 2.382466162818345501e-01
6.000000000000000000e+00 1.715024294249045955e-01
8.000000000000000000e+00 1.341103622350536539e-01
1.000000000000000000e+01 1.101503135804065420e-01
1.200000000000000000e+01 9.347244749284261411e-02
1.400000000000000000e+01 8.118952559555202286e-02
1.600000000000000000e+01 7.176429582106406968e-02
1.800000000000000000e+01 6.430230649990791025e-02
2.000000000000000000e+01 5.824744736039524223e-02
2.200000000000000000e+01 5.323567830586595218e-02
2.400000000000000000e+01 4.901864678770213174e-02
2.600000000000000000e+01 4.542108973151101625e-02
2.800000000000000000e+01 4.231577556600421564e-02
3.000000000000000000e+01 3.960809808050302222e-02
3.200000000000000000e+01 3.722624489275821319e-02
3.400000000000000000e+01 3.511472026654884754e-02
3.600000000000000000e+01 3.322995854610638622e-02
3.800000000000000000e+01 3.153728091691329616e-02
4.000000000000000000e+01 3.000873926039054895e-02
4.200000000000000000e+01 2.862155655482124736e-02
4.400000000000000000e+01 2.735698600291392585e-02
4.600000000000000000e+01 2.619945569689572165e-02
4.800000000000000000e+01 2.513592402676856352e-02
5.000000000000000000e+01 2.415538570995900969e-02
5.200000000000000000e+01 2.324848921324921408e-02
5.400000000000000000e+01 2.240723731937952976e-02
5.600000000000000000e+01 2.162475048636925551e-02
5.800000000000000000e+01 2.089507815959837020e-02
6.000000000000000000e+01 2.021304706013236571e-02
6.200000000000000000e+01 1.957413827445228169e-02
6.400000000000000000e+01 1.897438694895382805e-02
6.600000000000000000e+01 1.841029989158173702e-02
6.800000000000000000e+01 1.787878744766716044e-02
7.000000000000000000e+01 1.737710687431320497e-02
7.200000000000000000e+01 1.690281495776905715e-02
7.400000000000000000e+01 1.645372821488335843e-02
7.600000000000000000e+01 1.602788927255260551e-02
7.800000000000000000e+01 1.562353833232431842e-02
8.000000000000000000e+01 1.523908885419808339e-02
8.200000000000000000e+01 1.487310674587769693e-02
8.400000000000000000e+01 1.452429247683676913e-02
8.600000000000000000e+01 1.419146566173682539e-02
8.800000000000000000e+01 1.387355170864873651e-02
9.000000000000000000e+01 1.356957022287882085e-02
9.200000000000000000e+01 1.327862491145523176e-02
9.400000000000000000e+01 1.299989475045787261e-02
9.600000000000000000e+01 1.273262624754104531e-02
9.800000000000000000e+01 1.247612663479196263e-02
1.000000000000000000e+02 1.222975787754399662e-02
1.020000000000000000e+02 1.199293136742493777e-02
1.040000000000000000e+02 1.176510323260874374e-02
1.060000000000000000e+02 1.154577016241002500e-02
1.080000000000000000e+02 1.133446569625768015e-02
1.100000000000000000e+02 1.113075691260504221e-02
1.120000000000000000e+02 1.093424146769438748e-02
1.140000000000000000e+02 1.074454494163624638e-02
1.160000000000000000e+02 1.056131845755719535e-02
1.180000000000000000e+02 1.038423653985687430e-02
1.200000000000000000e+02 1.021299518442089424e-02
1.220000000000000000e+02 1.004731011670570787e-02
1.240000000000000000e+02 9.886915216703567877e-03
1.260000000000000000e+02 9.731561092422970002e-03
1.280000000000000000e+02 9.581013785802146646e-03
1.300000000000000000e+02 9.435053596929561873e-03
1.320000000000000000e+02 9.293474014142441911e-03
1.340000000000000000e+02 9.156080739039874905e-03
1.360000000000000000e+02 9.022690796736889882e-03
1.380000000000000000e+02 8.893131722783425425e-03
