2.000000000000000000e+00 2.952293351068300264e-01
4.000000000000000000e+00 1.712847137432904066e-01
6.000000000000000000e+00 1.208732316501661408e-01
8.000000000000000000e+00 9.343669020233111300e-02
1.000000000000000000e+01 7.616654331392969102e-02
1.200000000000000000e+01 6.429057424068708448e-02
1.400000000000000000e+01 5.562118169437112181e-02
1.600000000000000000e+01 4.901342456245429136e-02
1.800000000000000000e+01 4.380970867840705552e-02
2.000000000000000000e+01 3.960533428867665795e-02
2.200000000000000000e+01 3.613755107820685458e-02
2.400000000000000000e+01 3.322832275261163038e-02
2.600000000000000000e+01 3.075272466559053619e-02
2.800000000000000000e+01 2.862050953059419936e-02
3.000000000000000000e+01 2.676485193518996983e-02
3.200000000000000000e+01 2.513521390238566272e-02
3.400000000000000000e+01 2.369266569714889928e-02
3.600000000000000000e+01 2.240673373492936549e-02
3.800000000000000000e+01 2.125322255653628797e-02
4.000000000000000000e+01 2.021267708163900986e-02
4.200000000000000000e+01 1.926927577569924679e-02
4.400000000000000000e+01 1.841002013859240408e-02
4.600000000000000000e+01 1.762413188841943645e-02
4.800000000000000000e+01 1.690259832102624510e-02
5.000000000000000000e+01 1.623782496389930205e-02
5.200000000000000000e+01 1.562336716602440341e-02
5.400000000000000000e+01 1.505372040904680124e-02
5.600000000000000000e+01 1.452415489538256069e-02
5.800000000000000000e+01 1.403058388296856904e-02
6.000000000000000000e+01 1.356945798393263854e-02
6.200000000000000000e+01 1.313767964930267866e-02
6.400000000000000000e+01 1.273253348994650425e-02
6.600000000000000000e+01 1.235162909493028351e-02
6.800000000000000000e+01 1.199285383114347125e-02
7.000000000000000000e+01 1.165433362676247982e-02
7.200000000000000000e+01 1.133440022489469109e-02
7.400000000000000000e+01 1.103156367931580964e-02
7.600000000000000000e+01 1.074448915635657469e-02
7.800000000000000000e+01 1.047197725686792487e-02
8.000000000000000000e+01 1.021294726495618720e-02
8.200000000000000000e+01 9.966422821978489568e-03
8.400000000000000000e+01 9.731519626790866712e-03
8.600000000000000000e+01 9.507434835587032229e-03
8.800000000000000000e+01 9.293437893498313410e-03
9.000000000000000000e+01 9.088862577294205131e-03
9.200000000000000000e+01 8.893100066558004904e-03
9.400000000000000000e+01 8.705592891519660023e-03
9.600000000000000000e+01 8.525829630812878021e-03
9.800000000000000000e+01 8.353340252932784857e-03
1.000000000000000000e+02 8.187692012037619052e-03
1.020000000000000000e+02 8.028485822623115595e-03
1.040000000000000000e+02 7.875353049133870451e-03
1.060000000000000000e+02 7.727952656129872394e-03
1.080000000000000000e+02 7.585968672646089227e-03
1.100000000000000000e+02 7.449107931049148319e-03
1.120000000000000000e+02 7.317098046342421398e-03
1.140000000000000000e+02 7.189685606608932703e-03
1.160000000000000000e+02 7.066634549289857112e-03
1.180000000000000000e+02 6.947724701408822257e-03
1.200000000000000000e+02 6.832750464752650708e-03
1.220000000000000000e+02 6.721519629482958398e-03
1.240000000000000000e+02 6.613852301781304732e-03
1.260000000000000000e+02 6.509579932938569860e-03
1.280000000000000000e+02 6.408544438868364786e-03
1.300000000000000000e+02 6.310597400369195517e-03
1.320000000000000000e+02 6.215599335626000553e-03
1.340000000000000000e+02 6.123419037448107720e-03
1.360000000000000000e+02 6.033932968625831117e-03
1.380000000000000000e+02 5.947024709541258621e-03
