2.000000000000000000e+00 9.250984036359688467e-02
4.000000000000000000e+00 4.887409882123058824e-02
6.000000000000000000e+00 3.318440288612753419e-02
8.000000000000000000e+00 2.511610243067155523e-02
1.000000000000000000e+01 2.020270863636570990e-02
1.200000000000000000e+01 1.689675774914969203e-02
1.400000000000000000e+01 1.452044424949934694e-02
1.600000000000000000e+01 1.273003113827625259e-02
1.800000000000000000e+01 1.133263367540800551e-02
2.000000000000000000e+01 1.021165414069371072e-02
2.200000000000000000e+01 9.292463074229153144e-03
2.400000000000000000e+01 8.525076663054565601e-03
2.600000000000000000e+01 7.874759412863033964e-03
2.800000000000000000e+01 7.316621780548717389e-03
3.000000000000000000e+01 6.832362560198874078e-03
3.200000000000000000e+01 6.408224322319194463e-03
3.400000000000000000e+01 6.033665722202652404e-03
3.600000000000000000e+01 5.700473633299866713e-03
3.800000000000000000e+01 5.402154019322148205e-03
4.000000000000000000e+01 5.133504531131464002e-03
4.200000000000000000e+01 4.890308574845025208e-03
4.400000000000000000e+01 4.669112396567557006e-03
4.600000000000000000e+01 4.467060039760418176e-03
4.800000000000000000e+01 4.281769373676665505e-03
5.000000000000000000e+01 4.111237743874686032e-03
5.200000000000000000e+01 3.953769302173392418e-03
5.400000000000000000e+01 3.807918426334626003e-03
5.600000000000000000e+01 3.672445203840775732e-03
5.800000000000000000e+01 3.546280103330576913e-03
6.000000000000000000e+01 3.428495679990461661e-03
6.200000000000000000e+01 3.318283739107706458e-03
6.400000000000000000e+01 3.214936766803375839e-03
6.600000000000000000e+01 3.117832725795816311e-03
6.800000000000000000e+01 3.026422525632975046e-03
7.000000000000000000e+01 2.940219634173602079e-03
7.200000000000000000e+01 2.858791415232998876e-03
7.400000000000000000e+01 2.781751866787318846e-03
7.600000000000000000e+01 2.708755502482604327e-03
7.800000000000000000e+01 2.639492171816297961e-03
8.000000000000000000e+01 2.573682655171659860e-03
8.200000000000000000e+01 2.511074901767486496e-03
8.400000000000000000e+01 2.451440803647873118e-03
8.600000000000000000e+01 2.394573418672064132e-03
8.800000000000000000e+01 2.340284571250359717e-03
9.000000000000000000e+01 2.288402772207158604e-03
9.200000000000000000e+01 2.238771409324083819e-03
9.400000000000000000e+01 2.191247168342656988e-03
9.600000000000000000e+01 2.145698650894450454e-03
9.800000000000000000e+01 2.102005161287596666e-03
1.000000000000000000e+02 2.060055638563366986e-03
1.020000000000000000e+02 2.019747713924175542e-03
1.040000000000000000e+02 1.980986876693758940e-03
1.060000000000000000e+02 1.943685734501592044e-03
1.080000000000000000e+02 1.907763355505444564e-03
1.100000000000000000e+02 1.873144682228369265e-03
1.120000000000000000e+02 1.839760008077385729e-03
1.140000000000000000e+02 1.807544508861003152e-03
1.160000000000000000e+02 1.776437822679115004e-03
1.180000000000000000e+02 1.746383672457163310e-03
1.200000000000000000e+02 1.717329526159366371e-03
1.220000000000000000e+02 1.689226290363411535e-03
1.240000000000000000e+02 1.662028033437792322e-03
1.260000000000000000e+02 1.635691735037362671e-03
1.280000000000000000e+02 1.610177059044070810e-03
1.300000000000000000e+02 1.585446147432102238e-03
1.320000000000000000e+02 1.561463554798512383e-03
1.340000000000000000e+02 1.538195588047482684e-03
1.360000000000000000e+02 1.515610888009926577e-03
1.380000000000000000e+02 1.493679793925610077e-03
