2.000000000000000000e+00 1.701453223931068681e-01
4.000000000000000000e+00 9.324548726214834660e-02
6.000000000000000000e+00 6.422751814477148380e-02
8.000000000000000000e+00 4.898530257530447907e-02
1.000000000000000000e+01 3.959043697638457010e-02
1.200000000000000000e+01 3.321950084219708194e-02
1.400000000000000000e+01 2.861486102124771377e-02
1.600000000000000000e+01 2.513138207482671499e-02
1.800000000000000000e+01 2.240401598530634281e-02
2.000000000000000000e+01 2.021068015993110825e-02
2.200000000000000000e+01 1.840851007690075952e-02
2.400000000000000000e+01 1.690142887671797559e-02
2.600000000000000000e+01 1.562244313497934169e-02
2.800000000000000000e+01 1.452341214116006050e-02
3.000000000000000000e+01 1.356885202591539066e-02
3.200000000000000000e+01 1.273203269526381951e-02
3.400000000000000000e+01 1.199243520670403330e-02
3.600000000000000000e+01 1.133404673347736084e-02
3.800000000000000000e+01 1.074418795716965656e-02
4.000000000000000000e+01 1.021268853193485308e-02
4.200000000000000000e+01 9.731295737597969731e-03
4.400000000000000000e+01 9.293242862062815399e-03
4.600000000000000000e+01 8.892929139030924732e-03
4.800000000000000000e+01 8.525678993294249011e-03
5.000000000000000000e+01 8.187558576087881554e-03
5.200000000000000000e+01 7.875234292285183957e-03
5.400000000000000000e+01 7.585862518365064922e-03
5.600000000000000000e+01 7.317002772676238498e-03
5.800000000000000000e+01 7.066548718621538765e-03
6.000000000000000000e+01 6.832672869270349850e-03
6.200000000000000000e+01 6.613781920768761584e-03
6.400000000000000000e+01 6.408480404975860391e-03
6.600000000000000000e+01 6.215540908029031607e-03
6.800000000000000000e+01 6.033879511506356173e-03
